0.9857142872044019 0.49999999318804056 0.0
0.5857142857142857 0.38571429082325526 0.0
0.21428572152342118 0.5285714324031558 0.0
0.24285714498588018 0.8142856921468462 0.0
0.9857142872044019 0.49999999318804056 0.25
0.5857142857142857 0.38571429082325526 0.25
0.21428572152342118 0.5285714324031558 0.25
0.24285714498588018 0.8142856921468462 0.25
0.9857142872044019 0.49999999318804056 0.5
0.5857142857142857 0.38571429082325526 0.5
0.21428572152342118 0.5285714324031558 0.5
0.24285714498588018 0.8142856921468462 0.5
0.9857142872044019 0.49999999318804056 0.75
0.5857142857142857 0.38571429082325526 0.75
0.21428572152342118 0.5285714324031558 0.75
0.24285714498588018 0.8142856921468462 0.75
