0.02 0.02 0.0 1
0.02 0.02 0.25 2
0.02 0.02 0.5 2
0.02 0.02 0.75 2
0.02 0.06 0.0 1
0.02 0.06 0.25 2
0.02 0.06 0.5 1
0.02 0.06 0.75 2
0.02 0.1 0.0 1
0.02 0.1 0.25 2
0.02 0.1 0.5 1
0.02 0.1 0.75 2
0.02 0.13999999999999999 0.0 1
0.02 0.13999999999999999 0.25 2
0.02 0.13999999999999999 0.5 1
0.02 0.13999999999999999 0.75 2
0.02 0.18 0.0 1
0.02 0.18 0.25 1
0.02 0.18 0.5 1
0.02 0.18 0.75 2
0.02 0.22 0.0 1
0.02 0.22 0.25 1
0.02 0.22 0.5 1
0.02 0.22 0.75 2
0.02 0.26 0.0 1
0.02 0.26 0.25 1
0.02 0.26 0.5 1
0.02 0.26 0.75 2
0.02 0.30000000000000004 0.0 1
0.02 0.30000000000000004 0.25 2
0.02 0.30000000000000004 0.5 1
0.02 0.30000000000000004 0.75 2
0.02 0.34 0.0 1
0.02 0.34 0.25 2
0.02 0.34 0.5 1
0.02 0.34 0.75 2
0.02 0.38 0.0 1
0.02 0.38 0.25 2
0.02 0.38 0.5 1
0.02 0.38 0.75 2
0.02 0.42000000000000004 0.0 1
0.02 0.42000000000000004 0.25 2
0.02 0.42000000000000004 0.5 1
0.02 0.42000000000000004 0.75 2
0.02 0.46 0.0 1
0.02 0.46 0.25 2
0.02 0.46 0.5 1
0.02 0.46 0.75 2
0.02 0.5 0.0 1
0.02 0.5 0.25 2
0.02 0.5 0.5 1
0.02 0.5 0.75 2
0.02 0.54 0.0 1
0.02 0.54 0.25 2
0.02 0.54 0.5 1
0.02 0.54 0.75 2
0.02 0.5800000000000001 0.0 1
0.02 0.5800000000000001 0.25 2
0.02 0.5800000000000001 0.5 1
0.02 0.5800000000000001 0.75 2
0.02 0.62 0.0 1
0.02 0.62 0.25 2
0.02 0.62 0.5 1
0.02 0.62 0.75 2
0.02 0.66 0.0 1
0.02 0.66 0.25 2
0.02 0.66 0.5 1
0.02 0.66 0.75 2
0.02 0.7000000000000001 0.0 1
0.02 0.7000000000000001 0.25 2
0.02 0.7000000000000001 0.5 1
0.02 0.7000000000000001 0.75 2
0.02 0.74 0.0 1
0.02 0.74 0.25 2
0.02 0.74 0.5 1
0.02 0.74 0.75 2
0.02 0.78 0.0 1
0.02 0.78 0.25 2
0.02 0.78 0.5 1
0.02 0.78 0.75 2
0.02 0.8200000000000001 0.0 1
0.02 0.8200000000000001 0.25 2
0.02 0.8200000000000001 0.5 1
0.02 0.8200000000000001 0.75 2
0.02 0.86 0.0 1
0.02 0.86 0.25 2
0.02 0.86 0.5 1
0.02 0.86 0.75 2
0.02 0.9 0.0 2
0.02 0.9 0.25 2
0.02 0.9 0.5 1
0.02 0.9 0.75 2
0.02 0.9400000000000001 0.0 1
0.02 0.9400000000000001 0.25 2
0.02 0.9400000000000001 0.5 1
0.02 0.9400000000000001 0.75 2
0.02 0.98 0.0 1
0.02 0.98 0.25 2
0.02 0.98 0.5 1
0.02 0.98 0.75 2
0.06 0.02 0.0 1
0.06 0.02 0.25 2
0.06 0.02 0.5 1
0.06 0.02 0.75 2
0.06 0.06 0.0 1
0.06 0.06 0.25 2
0.06 0.06 0.5 1
0.06 0.06 0.75 2
0.06 0.1 0.0 1
0.06 0.1 0.25 2
0.06 0.1 0.5 1
0.06 0.1 0.75 2
0.06 0.13999999999999999 0.0 1
0.06 0.13999999999999999 0.25 1
0.06 0.13999999999999999 0.5 1
0.06 0.13999999999999999 0.75 2
0.06 0.18 0.0 1
0.06 0.18 0.25 1
0.06 0.18 0.5 1
0.06 0.18 0.75 2
0.06 0.22 0.0 1
0.06 0.22 0.25 1
0.06 0.22 0.5 1
0.06 0.22 0.75 2
0.06 0.26 0.0 1
0.06 0.26 0.25 1
0.06 0.26 0.5 1
0.06 0.26 0.75 2
0.06 0.30000000000000004 0.0 1
0.06 0.30000000000000004 0.25 1
0.06 0.30000000000000004 0.5 1
0.06 0.30000000000000004 0.75 2
0.06 0.34 0.0 1
0.06 0.34 0.25 2
0.06 0.34 0.5 1
0.06 0.34 0.75 2
0.06 0.38 0.0 1
0.06 0.38 0.25 2
0.06 0.38 0.5 1
0.06 0.38 0.75 2
0.06 0.42000000000000004 0.0 1
0.06 0.42000000000000004 0.25 2
0.06 0.42000000000000004 0.5 1
0.06 0.42000000000000004 0.75 2
0.06 0.46 0.0 1
0.06 0.46 0.25 2
0.06 0.46 0.5 1
0.06 0.46 0.75 2
0.06 0.5 0.0 1
0.06 0.5 0.25 2
0.06 0.5 0.5 1
0.06 0.5 0.75 2
0.06 0.54 0.0 1
0.06 0.54 0.25 2
0.06 0.54 0.5 1
0.06 0.54 0.75 2
0.06 0.5800000000000001 0.0 1
0.06 0.5800000000000001 0.25 2
0.06 0.5800000000000001 0.5 1
0.06 0.5800000000000001 0.75 2
0.06 0.62 0.0 1
0.06 0.62 0.25 2
0.06 0.62 0.5 1
0.06 0.62 0.75 2
0.06 0.66 0.0 1
0.06 0.66 0.25 2
0.06 0.66 0.5 1
0.06 0.66 0.75 2
0.06 0.7000000000000001 0.0 1
0.06 0.7000000000000001 0.25 2
0.06 0.7000000000000001 0.5 1
0.06 0.7000000000000001 0.75 2
0.06 0.74 0.0 1
0.06 0.74 0.25 2
0.06 0.74 0.5 1
0.06 0.74 0.75 2
0.06 0.78 0.0 1
0.06 0.78 0.25 2
0.06 0.78 0.5 1
0.06 0.78 0.75 2
0.06 0.8200000000000001 0.0 1
0.06 0.8200000000000001 0.25 2
0.06 0.8200000000000001 0.5 1
0.06 0.8200000000000001 0.75 2
0.06 0.86 0.0 2
0.06 0.86 0.25 2
0.06 0.86 0.5 1
0.06 0.86 0.75 2
0.06 0.9 0.0 2
0.06 0.9 0.25 2
0.06 0.9 0.5 1
0.06 0.9 0.75 2
0.06 0.9400000000000001 0.0 2
0.06 0.9400000000000001 0.25 2
0.06 0.9400000000000001 0.5 1
0.06 0.9400000000000001 0.75 2
0.06 0.98 0.0 1
0.06 0.98 0.25 2
0.06 0.98 0.5 1
0.06 0.98 0.75 2
0.1 0.02 0.0 1
0.1 0.02 0.25 2
0.1 0.02 0.5 1
0.1 0.02 0.75 2
0.1 0.06 0.0 1
0.1 0.06 0.25 2
0.1 0.06 0.5 1
0.1 0.06 0.75 2
0.1 0.1 0.0 1
0.1 0.1 0.25 2
0.1 0.1 0.5 1
0.1 0.1 0.75 2
0.1 0.13999999999999999 0.0 1
0.1 0.13999999999999999 0.25 2
0.1 0.13999999999999999 0.5 1
0.1 0.13999999999999999 0.75 2
0.1 0.18 0.0 1
0.1 0.18 0.25 1
0.1 0.18 0.5 1
0.1 0.18 0.75 2
0.1 0.22 0.0 1
0.1 0.22 0.25 1
0.1 0.22 0.5 1
0.1 0.22 0.75 2
0.1 0.26 0.0 1
0.1 0.26 0.25 1
0.1 0.26 0.5 1
0.1 0.26 0.75 2
0.1 0.30000000000000004 0.0 1
0.1 0.30000000000000004 0.25 2
0.1 0.30000000000000004 0.5 1
0.1 0.30000000000000004 0.75 2
0.1 0.34 0.0 1
0.1 0.34 0.25 2
0.1 0.34 0.5 1
0.1 0.34 0.75 2
0.1 0.38 0.0 1
0.1 0.38 0.25 2
0.1 0.38 0.5 1
0.1 0.38 0.75 2
0.1 0.42000000000000004 0.0 1
0.1 0.42000000000000004 0.25 2
0.1 0.42000000000000004 0.5 1
0.1 0.42000000000000004 0.75 2
0.1 0.46 0.0 1
0.1 0.46 0.25 2
0.1 0.46 0.5 1
0.1 0.46 0.75 2
0.1 0.5 0.0 1
0.1 0.5 0.25 1
0.1 0.5 0.5 1
0.1 0.5 0.75 2
0.1 0.54 0.0 1
0.1 0.54 0.25 2
0.1 0.54 0.5 1
0.1 0.54 0.75 2
0.1 0.5800000000000001 0.0 1
0.1 0.5800000000000001 0.25 2
0.1 0.5800000000000001 0.5 1
0.1 0.5800000000000001 0.75 2
0.1 0.62 0.0 1
0.1 0.62 0.25 2
0.1 0.62 0.5 1
0.1 0.62 0.75 2
0.1 0.66 0.0 1
0.1 0.66 0.25 2
0.1 0.66 0.5 1
0.1 0.66 0.75 2
0.1 0.7000000000000001 0.0 1
0.1 0.7000000000000001 0.25 2
0.1 0.7000000000000001 0.5 1
0.1 0.7000000000000001 0.75 2
0.1 0.74 0.0 1
0.1 0.74 0.25 2
0.1 0.74 0.5 1
0.1 0.74 0.75 2
0.1 0.78 0.0 1
0.1 0.78 0.25 2
0.1 0.78 0.5 1
0.1 0.78 0.75 2
0.1 0.8200000000000001 0.0 2
0.1 0.8200000000000001 0.25 2
0.1 0.8200000000000001 0.5 1
0.1 0.8200000000000001 0.75 2
0.1 0.86 0.0 2
0.1 0.86 0.25 2
0.1 0.86 0.5 1
0.1 0.86 0.75 2
0.1 0.9 0.0 2
0.1 0.9 0.25 2
0.1 0.9 0.5 1
0.1 0.9 0.75 2
0.1 0.9400000000000001 0.0 2
0.1 0.9400000000000001 0.25 2
0.1 0.9400000000000001 0.5 1
0.1 0.9400000000000001 0.75 2
0.1 0.98 0.0 2
0.1 0.98 0.25 2
0.1 0.98 0.5 1
0.1 0.98 0.75 2
0.13999999999999999 0.02 0.0 1
0.13999999999999999 0.02 0.25 2
0.13999999999999999 0.02 0.5 1
0.13999999999999999 0.02 0.75 2
0.13999999999999999 0.06 0.0 1
0.13999999999999999 0.06 0.25 2
0.13999999999999999 0.06 0.5 1
0.13999999999999999 0.06 0.75 2
0.13999999999999999 0.1 0.0 1
0.13999999999999999 0.1 0.25 2
0.13999999999999999 0.1 0.5 1
0.13999999999999999 0.1 0.75 2
0.13999999999999999 0.13999999999999999 0.0 1
0.13999999999999999 0.13999999999999999 0.25 2
0.13999999999999999 0.13999999999999999 0.5 1
0.13999999999999999 0.13999999999999999 0.75 2
0.13999999999999999 0.18 0.0 1
0.13999999999999999 0.18 0.25 2
0.13999999999999999 0.18 0.5 1
0.13999999999999999 0.18 0.75 2
0.13999999999999999 0.22 0.0 1
0.13999999999999999 0.22 0.25 1
0.13999999999999999 0.22 0.5 1
0.13999999999999999 0.22 0.75 2
0.13999999999999999 0.26 0.0 1
0.13999999999999999 0.26 0.25 2
0.13999999999999999 0.26 0.5 1
0.13999999999999999 0.26 0.75 2
0.13999999999999999 0.30000000000000004 0.0 1
0.13999999999999999 0.30000000000000004 0.25 2
0.13999999999999999 0.30000000000000004 0.5 1
0.13999999999999999 0.30000000000000004 0.75 2
0.13999999999999999 0.34 0.0 1
0.13999999999999999 0.34 0.25 2
0.13999999999999999 0.34 0.5 1
0.13999999999999999 0.34 0.75 2
0.13999999999999999 0.38 0.0 1
0.13999999999999999 0.38 0.25 2
0.13999999999999999 0.38 0.5 1
0.13999999999999999 0.38 0.75 2
0.13999999999999999 0.42000000000000004 0.0 1
0.13999999999999999 0.42000000000000004 0.25 2
0.13999999999999999 0.42000000000000004 0.5 1
0.13999999999999999 0.42000000000000004 0.75 2
0.13999999999999999 0.46 0.0 1
0.13999999999999999 0.46 0.25 1
0.13999999999999999 0.46 0.5 1
0.13999999999999999 0.46 0.75 2
0.13999999999999999 0.5 0.0 1
0.13999999999999999 0.5 0.25 1
0.13999999999999999 0.5 0.5 1
0.13999999999999999 0.5 0.75 2
0.13999999999999999 0.54 0.0 1
0.13999999999999999 0.54 0.25 1
0.13999999999999999 0.54 0.5 1
0.13999999999999999 0.54 0.75 2
0.13999999999999999 0.5800000000000001 0.0 1
0.13999999999999999 0.5800000000000001 0.25 2
0.13999999999999999 0.5800000000000001 0.5 1
0.13999999999999999 0.5800000000000001 0.75 2
0.13999999999999999 0.62 0.0 1
0.13999999999999999 0.62 0.25 2
0.13999999999999999 0.62 0.5 1
0.13999999999999999 0.62 0.75 2
0.13999999999999999 0.66 0.0 1
0.13999999999999999 0.66 0.25 2
0.13999999999999999 0.66 0.5 1
0.13999999999999999 0.66 0.75 2
0.13999999999999999 0.7000000000000001 0.0 1
0.13999999999999999 0.7000000000000001 0.25 2
0.13999999999999999 0.7000000000000001 0.5 1
0.13999999999999999 0.7000000000000001 0.75 2
0.13999999999999999 0.74 0.0 1
0.13999999999999999 0.74 0.25 2
0.13999999999999999 0.74 0.5 1
0.13999999999999999 0.74 0.75 1
0.13999999999999999 0.78 0.0 1
0.13999999999999999 0.78 0.25 2
0.13999999999999999 0.78 0.5 1
0.13999999999999999 0.78 0.75 2
0.13999999999999999 0.8200000000000001 0.0 1
0.13999999999999999 0.8200000000000001 0.25 2
0.13999999999999999 0.8200000000000001 0.5 1
0.13999999999999999 0.8200000000000001 0.75 2
0.13999999999999999 0.86 0.0 2
0.13999999999999999 0.86 0.25 2
0.13999999999999999 0.86 0.5 1
0.13999999999999999 0.86 0.75 2
0.13999999999999999 0.9 0.0 2
0.13999999999999999 0.9 0.25 2
0.13999999999999999 0.9 0.5 1
0.13999999999999999 0.9 0.75 2
0.13999999999999999 0.9400000000000001 0.0 2
0.13999999999999999 0.9400000000000001 0.25 2
0.13999999999999999 0.9400000000000001 0.5 1
0.13999999999999999 0.9400000000000001 0.75 2
0.13999999999999999 0.98 0.0 1
0.13999999999999999 0.98 0.25 2
0.13999999999999999 0.98 0.5 1
0.13999999999999999 0.98 0.75 2
0.18 0.02 0.0 1
0.18 0.02 0.25 2
0.18 0.02 0.5 1
0.18 0.02 0.75 2
0.18 0.06 0.0 1
0.18 0.06 0.25 2
0.18 0.06 0.5 1
0.18 0.06 0.75 2
0.18 0.1 0.0 1
0.18 0.1 0.25 2
0.18 0.1 0.5 1
0.18 0.1 0.75 2
0.18 0.13999999999999999 0.0 1
0.18 0.13999999999999999 0.25 2
0.18 0.13999999999999999 0.5 1
0.18 0.13999999999999999 0.75 2
0.18 0.18 0.0 1
0.18 0.18 0.25 2
0.18 0.18 0.5 1
0.18 0.18 0.75 2
0.18 0.22 0.0 1
0.18 0.22 0.25 2
0.18 0.22 0.5 1
0.18 0.22 0.75 2
0.18 0.26 0.0 1
0.18 0.26 0.25 2
0.18 0.26 0.5 1
0.18 0.26 0.75 2
0.18 0.30000000000000004 0.0 1
0.18 0.30000000000000004 0.25 2
0.18 0.30000000000000004 0.5 1
0.18 0.30000000000000004 0.75 2
0.18 0.34 0.0 1
0.18 0.34 0.25 2
0.18 0.34 0.5 1
0.18 0.34 0.75 2
0.18 0.38 0.0 1
0.18 0.38 0.25 2
0.18 0.38 0.5 1
0.18 0.38 0.75 2
0.18 0.42000000000000004 0.0 1
0.18 0.42000000000000004 0.25 1
0.18 0.42000000000000004 0.5 1
0.18 0.42000000000000004 0.75 2
0.18 0.46 0.0 1
0.18 0.46 0.25 1
0.18 0.46 0.5 1
0.18 0.46 0.75 2
0.18 0.5 0.0 1
0.18 0.5 0.25 1
0.18 0.5 0.5 1
0.18 0.5 0.75 2
0.18 0.54 0.0 1
0.18 0.54 0.25 1
0.18 0.54 0.5 1
0.18 0.54 0.75 2
0.18 0.5800000000000001 0.0 1
0.18 0.5800000000000001 0.25 1
0.18 0.5800000000000001 0.5 1
0.18 0.5800000000000001 0.75 2
0.18 0.62 0.0 1
0.18 0.62 0.25 2
0.18 0.62 0.5 1
0.18 0.62 0.75 2
0.18 0.66 0.0 1
0.18 0.66 0.25 2
0.18 0.66 0.5 1
0.18 0.66 0.75 2
0.18 0.7000000000000001 0.0 1
0.18 0.7000000000000001 0.25 2
0.18 0.7000000000000001 0.5 1
0.18 0.7000000000000001 0.75 1
0.18 0.74 0.0 1
0.18 0.74 0.25 2
0.18 0.74 0.5 1
0.18 0.74 0.75 1
0.18 0.78 0.0 1
0.18 0.78 0.25 2
0.18 0.78 0.5 1
0.18 0.78 0.75 1
0.18 0.8200000000000001 0.0 1
0.18 0.8200000000000001 0.25 2
0.18 0.8200000000000001 0.5 1
0.18 0.8200000000000001 0.75 2
0.18 0.86 0.0 1
0.18 0.86 0.25 2
0.18 0.86 0.5 1
0.18 0.86 0.75 2
0.18 0.9 0.0 2
0.18 0.9 0.25 2
0.18 0.9 0.5 1
0.18 0.9 0.75 2
0.18 0.9400000000000001 0.0 1
0.18 0.9400000000000001 0.25 2
0.18 0.9400000000000001 0.5 1
0.18 0.9400000000000001 0.75 2
0.18 0.98 0.0 1
0.18 0.98 0.25 2
0.18 0.98 0.5 1
0.18 0.98 0.75 2
0.22 0.02 0.0 1
0.22 0.02 0.25 2
0.22 0.02 0.5 1
0.22 0.02 0.75 2
0.22 0.06 0.0 1
0.22 0.06 0.25 2
0.22 0.06 0.5 1
0.22 0.06 0.75 2
0.22 0.1 0.0 1
0.22 0.1 0.25 2
0.22 0.1 0.5 1
0.22 0.1 0.75 2
0.22 0.13999999999999999 0.0 1
0.22 0.13999999999999999 0.25 2
0.22 0.13999999999999999 0.5 1
0.22 0.13999999999999999 0.75 2
0.22 0.18 0.0 1
0.22 0.18 0.25 2
0.22 0.18 0.5 1
0.22 0.18 0.75 2
0.22 0.22 0.0 1
0.22 0.22 0.25 2
0.22 0.22 0.5 1
0.22 0.22 0.75 2
0.22 0.26 0.0 1
0.22 0.26 0.25 2
0.22 0.26 0.5 1
0.22 0.26 0.75 2
0.22 0.30000000000000004 0.0 1
0.22 0.30000000000000004 0.25 2
0.22 0.30000000000000004 0.5 1
0.22 0.30000000000000004 0.75 2
0.22 0.34 0.0 1
0.22 0.34 0.25 2
0.22 0.34 0.5 1
0.22 0.34 0.75 2
0.22 0.38 0.0 1
0.22 0.38 0.25 2
0.22 0.38 0.5 1
0.22 0.38 0.75 2
0.22 0.42000000000000004 0.0 1
0.22 0.42000000000000004 0.25 2
0.22 0.42000000000000004 0.5 1
0.22 0.42000000000000004 0.75 2
0.22 0.46 0.0 1
0.22 0.46 0.25 1
0.22 0.46 0.5 1
0.22 0.46 0.75 2
0.22 0.5 0.0 1
0.22 0.5 0.25 1
0.22 0.5 0.5 1
0.22 0.5 0.75 2
0.22 0.54 0.0 1
0.22 0.54 0.25 1
0.22 0.54 0.5 1
0.22 0.54 0.75 2
0.22 0.5800000000000001 0.0 1
0.22 0.5800000000000001 0.25 2
0.22 0.5800000000000001 0.5 1
0.22 0.5800000000000001 0.75 2
0.22 0.62 0.0 1
0.22 0.62 0.25 2
0.22 0.62 0.5 1
0.22 0.62 0.75 2
0.22 0.66 0.0 1
0.22 0.66 0.25 2
0.22 0.66 0.5 1
0.22 0.66 0.75 1
0.22 0.7000000000000001 0.0 1
0.22 0.7000000000000001 0.25 2
0.22 0.7000000000000001 0.5 1
0.22 0.7000000000000001 0.75 1
0.22 0.74 0.0 1
0.22 0.74 0.25 2
0.22 0.74 0.5 1
0.22 0.74 0.75 1
0.22 0.78 0.0 1
0.22 0.78 0.25 2
0.22 0.78 0.5 1
0.22 0.78 0.75 1
0.22 0.8200000000000001 0.0 1
0.22 0.8200000000000001 0.25 2
0.22 0.8200000000000001 0.5 1
0.22 0.8200000000000001 0.75 1
0.22 0.86 0.0 1
0.22 0.86 0.25 2
0.22 0.86 0.5 1
0.22 0.86 0.75 2
0.22 0.9 0.0 1
0.22 0.9 0.25 2
0.22 0.9 0.5 1
0.22 0.9 0.75 2
0.22 0.9400000000000001 0.0 1
0.22 0.9400000000000001 0.25 2
0.22 0.9400000000000001 0.5 1
0.22 0.9400000000000001 0.75 2
0.22 0.98 0.0 1
0.22 0.98 0.25 2
0.22 0.98 0.5 1
0.22 0.98 0.75 2
0.26 0.02 0.0 1
0.26 0.02 0.25 2
0.26 0.02 0.5 1
0.26 0.02 0.75 2
0.26 0.06 0.0 1
0.26 0.06 0.25 2
0.26 0.06 0.5 1
0.26 0.06 0.75 2
0.26 0.1 0.0 1
0.26 0.1 0.25 2
0.26 0.1 0.5 1
0.26 0.1 0.75 2
0.26 0.13999999999999999 0.0 1
0.26 0.13999999999999999 0.25 2
0.26 0.13999999999999999 0.5 1
0.26 0.13999999999999999 0.75 1
0.26 0.18 0.0 1
0.26 0.18 0.25 2
0.26 0.18 0.5 1
0.26 0.18 0.75 2
0.26 0.22 0.0 1
0.26 0.22 0.25 2
0.26 0.22 0.5 1
0.26 0.22 0.75 2
0.26 0.26 0.0 1
0.26 0.26 0.25 2
0.26 0.26 0.5 1
0.26 0.26 0.75 2
0.26 0.30000000000000004 0.0 1
0.26 0.30000000000000004 0.25 2
0.26 0.30000000000000004 0.5 1
0.26 0.30000000000000004 0.75 2
0.26 0.34 0.0 1
0.26 0.34 0.25 2
0.26 0.34 0.5 1
0.26 0.34 0.75 2
0.26 0.38 0.0 1
0.26 0.38 0.25 2
0.26 0.38 0.5 1
0.26 0.38 0.75 2
0.26 0.42000000000000004 0.0 1
0.26 0.42000000000000004 0.25 2
0.26 0.42000000000000004 0.5 1
0.26 0.42000000000000004 0.75 2
0.26 0.46 0.0 1
0.26 0.46 0.25 2
0.26 0.46 0.5 1
0.26 0.46 0.75 2
0.26 0.5 0.0 1
0.26 0.5 0.25 1
0.26 0.5 0.5 1
0.26 0.5 0.75 2
0.26 0.54 0.0 1
0.26 0.54 0.25 2
0.26 0.54 0.5 1
0.26 0.54 0.75 2
0.26 0.5800000000000001 0.0 1
0.26 0.5800000000000001 0.25 2
0.26 0.5800000000000001 0.5 1
0.26 0.5800000000000001 0.75 2
0.26 0.62 0.0 1
0.26 0.62 0.25 2
0.26 0.62 0.5 1
0.26 0.62 0.75 2
0.26 0.66 0.0 1
0.26 0.66 0.25 2
0.26 0.66 0.5 1
0.26 0.66 0.75 2
0.26 0.7000000000000001 0.0 1
0.26 0.7000000000000001 0.25 2
0.26 0.7000000000000001 0.5 1
0.26 0.7000000000000001 0.75 1
0.26 0.74 0.0 1
0.26 0.74 0.25 2
0.26 0.74 0.5 1
0.26 0.74 0.75 1
0.26 0.78 0.0 1
0.26 0.78 0.25 2
0.26 0.78 0.5 1
0.26 0.78 0.75 1
0.26 0.8200000000000001 0.0 1
0.26 0.8200000000000001 0.25 2
0.26 0.8200000000000001 0.5 1
0.26 0.8200000000000001 0.75 2
0.26 0.86 0.0 1
0.26 0.86 0.25 2
0.26 0.86 0.5 1
0.26 0.86 0.75 2
0.26 0.9 0.0 1
0.26 0.9 0.25 2
0.26 0.9 0.5 1
0.26 0.9 0.75 2
0.26 0.9400000000000001 0.0 1
0.26 0.9400000000000001 0.25 2
0.26 0.9400000000000001 0.5 1
0.26 0.9400000000000001 0.75 2
0.26 0.98 0.0 1
0.26 0.98 0.25 2
0.26 0.98 0.5 1
0.26 0.98 0.75 2
0.30000000000000004 0.02 0.0 1
0.30000000000000004 0.02 0.25 2
0.30000000000000004 0.02 0.5 1
0.30000000000000004 0.02 0.75 2
0.30000000000000004 0.06 0.0 1
0.30000000000000004 0.06 0.25 2
0.30000000000000004 0.06 0.5 1
0.30000000000000004 0.06 0.75 2
0.30000000000000004 0.1 0.0 1
0.30000000000000004 0.1 0.25 2
0.30000000000000004 0.1 0.5 1
0.30000000000000004 0.1 0.75 1
0.30000000000000004 0.13999999999999999 0.0 1
0.30000000000000004 0.13999999999999999 0.25 2
0.30000000000000004 0.13999999999999999 0.5 1
0.30000000000000004 0.13999999999999999 0.75 1
0.30000000000000004 0.18 0.0 1
0.30000000000000004 0.18 0.25 2
0.30000000000000004 0.18 0.5 1
0.30000000000000004 0.18 0.75 1
0.30000000000000004 0.22 0.0 1
0.30000000000000004 0.22 0.25 2
0.30000000000000004 0.22 0.5 1
0.30000000000000004 0.22 0.75 2
0.30000000000000004 0.26 0.0 1
0.30000000000000004 0.26 0.25 2
0.30000000000000004 0.26 0.5 1
0.30000000000000004 0.26 0.75 2
0.30000000000000004 0.30000000000000004 0.0 1
0.30000000000000004 0.30000000000000004 0.25 2
0.30000000000000004 0.30000000000000004 0.5 1
0.30000000000000004 0.30000000000000004 0.75 2
0.30000000000000004 0.34 0.0 1
0.30000000000000004 0.34 0.25 2
0.30000000000000004 0.34 0.5 1
0.30000000000000004 0.34 0.75 2
0.30000000000000004 0.38 0.0 1
0.30000000000000004 0.38 0.25 2
0.30000000000000004 0.38 0.5 1
0.30000000000000004 0.38 0.75 2
0.30000000000000004 0.42000000000000004 0.0 1
0.30000000000000004 0.42000000000000004 0.25 2
0.30000000000000004 0.42000000000000004 0.5 1
0.30000000000000004 0.42000000000000004 0.75 2
0.30000000000000004 0.46 0.0 1
0.30000000000000004 0.46 0.25 2
0.30000000000000004 0.46 0.5 1
0.30000000000000004 0.46 0.75 2
0.30000000000000004 0.5 0.0 1
0.30000000000000004 0.5 0.25 2
0.30000000000000004 0.5 0.5 1
0.30000000000000004 0.5 0.75 2
0.30000000000000004 0.54 0.0 2
0.30000000000000004 0.54 0.25 2
0.30000000000000004 0.54 0.5 1
0.30000000000000004 0.54 0.75 2
0.30000000000000004 0.5800000000000001 0.0 1
0.30000000000000004 0.5800000000000001 0.25 2
0.30000000000000004 0.5800000000000001 0.5 1
0.30000000000000004 0.5800000000000001 0.75 2
0.30000000000000004 0.62 0.0 1
0.30000000000000004 0.62 0.25 2
0.30000000000000004 0.62 0.5 1
0.30000000000000004 0.62 0.75 2
0.30000000000000004 0.66 0.0 1
0.30000000000000004 0.66 0.25 2
0.30000000000000004 0.66 0.5 1
0.30000000000000004 0.66 0.75 2
0.30000000000000004 0.7000000000000001 0.0 1
0.30000000000000004 0.7000000000000001 0.25 2
0.30000000000000004 0.7000000000000001 0.5 1
0.30000000000000004 0.7000000000000001 0.75 2
0.30000000000000004 0.74 0.0 1
0.30000000000000004 0.74 0.25 2
0.30000000000000004 0.74 0.5 1
0.30000000000000004 0.74 0.75 1
0.30000000000000004 0.78 0.0 1
0.30000000000000004 0.78 0.25 2
0.30000000000000004 0.78 0.5 1
0.30000000000000004 0.78 0.75 2
0.30000000000000004 0.8200000000000001 0.0 1
0.30000000000000004 0.8200000000000001 0.25 2
0.30000000000000004 0.8200000000000001 0.5 1
0.30000000000000004 0.8200000000000001 0.75 2
0.30000000000000004 0.86 0.0 1
0.30000000000000004 0.86 0.25 2
0.30000000000000004 0.86 0.5 2
0.30000000000000004 0.86 0.75 2
0.30000000000000004 0.9 0.0 1
0.30000000000000004 0.9 0.25 2
0.30000000000000004 0.9 0.5 1
0.30000000000000004 0.9 0.75 2
0.30000000000000004 0.9400000000000001 0.0 1
0.30000000000000004 0.9400000000000001 0.25 2
0.30000000000000004 0.9400000000000001 0.5 1
0.30000000000000004 0.9400000000000001 0.75 2
0.30000000000000004 0.98 0.0 1
0.30000000000000004 0.98 0.25 2
0.30000000000000004 0.98 0.5 1
0.30000000000000004 0.98 0.75 2
0.34 0.02 0.0 1
0.34 0.02 0.25 2
0.34 0.02 0.5 1
0.34 0.02 0.75 2
0.34 0.06 0.0 1
0.34 0.06 0.25 2
0.34 0.06 0.5 1
0.34 0.06 0.75 1
0.34 0.1 0.0 1
0.34 0.1 0.25 2
0.34 0.1 0.5 1
0.34 0.1 0.75 1
0.34 0.13999999999999999 0.0 1
0.34 0.13999999999999999 0.25 2
0.34 0.13999999999999999 0.5 1
0.34 0.13999999999999999 0.75 1
0.34 0.18 0.0 1
0.34 0.18 0.25 2
0.34 0.18 0.5 1
0.34 0.18 0.75 1
0.34 0.22 0.0 1
0.34 0.22 0.25 2
0.34 0.22 0.5 1
0.34 0.22 0.75 1
0.34 0.26 0.0 1
0.34 0.26 0.25 2
0.34 0.26 0.5 1
0.34 0.26 0.75 2
0.34 0.30000000000000004 0.0 1
0.34 0.30000000000000004 0.25 2
0.34 0.30000000000000004 0.5 1
0.34 0.30000000000000004 0.75 2
0.34 0.34 0.0 1
0.34 0.34 0.25 2
0.34 0.34 0.5 1
0.34 0.34 0.75 2
0.34 0.38 0.0 1
0.34 0.38 0.25 2
0.34 0.38 0.5 1
0.34 0.38 0.75 2
0.34 0.42000000000000004 0.0 1
0.34 0.42000000000000004 0.25 2
0.34 0.42000000000000004 0.5 1
0.34 0.42000000000000004 0.75 2
0.34 0.46 0.0 1
0.34 0.46 0.25 2
0.34 0.46 0.5 1
0.34 0.46 0.75 2
0.34 0.5 0.0 2
0.34 0.5 0.25 2
0.34 0.5 0.5 1
0.34 0.5 0.75 2
0.34 0.54 0.0 2
0.34 0.54 0.25 2
0.34 0.54 0.5 1
0.34 0.54 0.75 2
0.34 0.5800000000000001 0.0 2
0.34 0.5800000000000001 0.25 2
0.34 0.5800000000000001 0.5 1
0.34 0.5800000000000001 0.75 2
0.34 0.62 0.0 1
0.34 0.62 0.25 2
0.34 0.62 0.5 1
0.34 0.62 0.75 2
0.34 0.66 0.0 1
0.34 0.66 0.25 2
0.34 0.66 0.5 1
0.34 0.66 0.75 2
0.34 0.7000000000000001 0.0 1
0.34 0.7000000000000001 0.25 2
0.34 0.7000000000000001 0.5 1
0.34 0.7000000000000001 0.75 2
0.34 0.74 0.0 1
0.34 0.74 0.25 2
0.34 0.74 0.5 1
0.34 0.74 0.75 2
0.34 0.78 0.0 1
0.34 0.78 0.25 2
0.34 0.78 0.5 1
0.34 0.78 0.75 2
0.34 0.8200000000000001 0.0 1
0.34 0.8200000000000001 0.25 2
0.34 0.8200000000000001 0.5 2
0.34 0.8200000000000001 0.75 2
0.34 0.86 0.0 1
0.34 0.86 0.25 2
0.34 0.86 0.5 2
0.34 0.86 0.75 2
0.34 0.9 0.0 1
0.34 0.9 0.25 2
0.34 0.9 0.5 2
0.34 0.9 0.75 2
0.34 0.9400000000000001 0.0 1
0.34 0.9400000000000001 0.25 2
0.34 0.9400000000000001 0.5 1
0.34 0.9400000000000001 0.75 2
0.34 0.98 0.0 1
0.34 0.98 0.25 2
0.34 0.98 0.5 1
0.34 0.98 0.75 2
0.38 0.02 0.0 1
0.38 0.02 0.25 2
0.38 0.02 0.5 1
0.38 0.02 0.75 2
0.38 0.06 0.0 1
0.38 0.06 0.25 2
0.38 0.06 0.5 1
0.38 0.06 0.75 2
0.38 0.1 0.0 1
0.38 0.1 0.25 2
0.38 0.1 0.5 1
0.38 0.1 0.75 1
0.38 0.13999999999999999 0.0 1
0.38 0.13999999999999999 0.25 2
0.38 0.13999999999999999 0.5 1
0.38 0.13999999999999999 0.75 1
0.38 0.18 0.0 1
0.38 0.18 0.25 2
0.38 0.18 0.5 1
0.38 0.18 0.75 1
0.38 0.22 0.0 1
0.38 0.22 0.25 2
0.38 0.22 0.5 1
0.38 0.22 0.75 2
0.38 0.26 0.0 1
0.38 0.26 0.25 2
0.38 0.26 0.5 1
0.38 0.26 0.75 2
0.38 0.30000000000000004 0.0 1
0.38 0.30000000000000004 0.25 2
0.38 0.30000000000000004 0.5 1
0.38 0.30000000000000004 0.75 2
0.38 0.34 0.0 1
0.38 0.34 0.25 2
0.38 0.34 0.5 2
0.38 0.34 0.75 2
0.38 0.38 0.0 1
0.38 0.38 0.25 2
0.38 0.38 0.5 1
0.38 0.38 0.75 2
0.38 0.42000000000000004 0.0 1
0.38 0.42000000000000004 0.25 2
0.38 0.42000000000000004 0.5 1
0.38 0.42000000000000004 0.75 2
0.38 0.46 0.0 2
0.38 0.46 0.25 2
0.38 0.46 0.5 1
0.38 0.46 0.75 2
0.38 0.5 0.0 2
0.38 0.5 0.25 2
0.38 0.5 0.5 1
0.38 0.5 0.75 2
0.38 0.54 0.0 2
0.38 0.54 0.25 2
0.38 0.54 0.5 1
0.38 0.54 0.75 2
0.38 0.5800000000000001 0.0 2
0.38 0.5800000000000001 0.25 2
0.38 0.5800000000000001 0.5 1
0.38 0.5800000000000001 0.75 2
0.38 0.62 0.0 2
0.38 0.62 0.25 2
0.38 0.62 0.5 1
0.38 0.62 0.75 2
0.38 0.66 0.0 1
0.38 0.66 0.25 2
0.38 0.66 0.5 1
0.38 0.66 0.75 2
0.38 0.7000000000000001 0.0 1
0.38 0.7000000000000001 0.25 2
0.38 0.7000000000000001 0.5 1
0.38 0.7000000000000001 0.75 2
0.38 0.74 0.0 1
0.38 0.74 0.25 2
0.38 0.74 0.5 1
0.38 0.74 0.75 2
0.38 0.78 0.0 1
0.38 0.78 0.25 2
0.38 0.78 0.5 2
0.38 0.78 0.75 2
0.38 0.8200000000000001 0.0 1
0.38 0.8200000000000001 0.25 2
0.38 0.8200000000000001 0.5 2
0.38 0.8200000000000001 0.75 2
0.38 0.86 0.0 1
0.38 0.86 0.25 2
0.38 0.86 0.5 2
0.38 0.86 0.75 2
0.38 0.9 0.0 1
0.38 0.9 0.25 2
0.38 0.9 0.5 2
0.38 0.9 0.75 2
0.38 0.9400000000000001 0.0 1
0.38 0.9400000000000001 0.25 2
0.38 0.9400000000000001 0.5 2
0.38 0.9400000000000001 0.75 2
0.38 0.98 0.0 1
0.38 0.98 0.25 2
0.38 0.98 0.5 1
0.38 0.98 0.75 2
0.42000000000000004 0.02 0.0 1
0.42000000000000004 0.02 0.25 2
0.42000000000000004 0.02 0.5 1
0.42000000000000004 0.02 0.75 2
0.42000000000000004 0.06 0.0 1
0.42000000000000004 0.06 0.25 2
0.42000000000000004 0.06 0.5 2
0.42000000000000004 0.06 0.75 2
0.42000000000000004 0.1 0.0 1
0.42000000000000004 0.1 0.25 2
0.42000000000000004 0.1 0.5 1
0.42000000000000004 0.1 0.75 2
0.42000000000000004 0.13999999999999999 0.0 1
0.42000000000000004 0.13999999999999999 0.25 2
0.42000000000000004 0.13999999999999999 0.5 1
0.42000000000000004 0.13999999999999999 0.75 1
0.42000000000000004 0.18 0.0 1
0.42000000000000004 0.18 0.25 2
0.42000000000000004 0.18 0.5 1
0.42000000000000004 0.18 0.75 2
0.42000000000000004 0.22 0.0 1
0.42000000000000004 0.22 0.25 2
0.42000000000000004 0.22 0.5 1
0.42000000000000004 0.22 0.75 2
0.42000000000000004 0.26 0.0 1
0.42000000000000004 0.26 0.25 2
0.42000000000000004 0.26 0.5 1
0.42000000000000004 0.26 0.75 2
0.42000000000000004 0.30000000000000004 0.0 1
0.42000000000000004 0.30000000000000004 0.25 2
0.42000000000000004 0.30000000000000004 0.5 2
0.42000000000000004 0.30000000000000004 0.75 2
0.42000000000000004 0.34 0.0 1
0.42000000000000004 0.34 0.25 2
0.42000000000000004 0.34 0.5 2
0.42000000000000004 0.34 0.75 2
0.42000000000000004 0.38 0.0 1
0.42000000000000004 0.38 0.25 2
0.42000000000000004 0.38 0.5 2
0.42000000000000004 0.38 0.75 2
0.42000000000000004 0.42000000000000004 0.0 1
0.42000000000000004 0.42000000000000004 0.25 2
0.42000000000000004 0.42000000000000004 0.5 1
0.42000000000000004 0.42000000000000004 0.75 2
0.42000000000000004 0.46 0.0 1
0.42000000000000004 0.46 0.25 2
0.42000000000000004 0.46 0.5 1
0.42000000000000004 0.46 0.75 2
0.42000000000000004 0.5 0.0 2
0.42000000000000004 0.5 0.25 2
0.42000000000000004 0.5 0.5 1
0.42000000000000004 0.5 0.75 2
0.42000000000000004 0.54 0.0 2
0.42000000000000004 0.54 0.25 2
0.42000000000000004 0.54 0.5 1
0.42000000000000004 0.54 0.75 2
0.42000000000000004 0.5800000000000001 0.0 2
0.42000000000000004 0.5800000000000001 0.25 2
0.42000000000000004 0.5800000000000001 0.5 1
0.42000000000000004 0.5800000000000001 0.75 2
0.42000000000000004 0.62 0.0 1
0.42000000000000004 0.62 0.25 2
0.42000000000000004 0.62 0.5 1
0.42000000000000004 0.62 0.75 2
0.42000000000000004 0.66 0.0 1
0.42000000000000004 0.66 0.25 2
0.42000000000000004 0.66 0.5 1
0.42000000000000004 0.66 0.75 2
0.42000000000000004 0.7000000000000001 0.0 1
0.42000000000000004 0.7000000000000001 0.25 2
0.42000000000000004 0.7000000000000001 0.5 1
0.42000000000000004 0.7000000000000001 0.75 2
0.42000000000000004 0.74 0.0 1
0.42000000000000004 0.74 0.25 2
0.42000000000000004 0.74 0.5 1
0.42000000000000004 0.74 0.75 2
0.42000000000000004 0.78 0.0 1
0.42000000000000004 0.78 0.25 2
0.42000000000000004 0.78 0.5 1
0.42000000000000004 0.78 0.75 2
0.42000000000000004 0.8200000000000001 0.0 1
0.42000000000000004 0.8200000000000001 0.25 2
0.42000000000000004 0.8200000000000001 0.5 2
0.42000000000000004 0.8200000000000001 0.75 2
0.42000000000000004 0.86 0.0 1
0.42000000000000004 0.86 0.25 2
0.42000000000000004 0.86 0.5 2
0.42000000000000004 0.86 0.75 2
0.42000000000000004 0.9 0.0 1
0.42000000000000004 0.9 0.25 2
0.42000000000000004 0.9 0.5 2
0.42000000000000004 0.9 0.75 2
0.42000000000000004 0.9400000000000001 0.0 1
0.42000000000000004 0.9400000000000001 0.25 2
0.42000000000000004 0.9400000000000001 0.5 1
0.42000000000000004 0.9400000000000001 0.75 2
0.42000000000000004 0.98 0.0 1
0.42000000000000004 0.98 0.25 2
0.42000000000000004 0.98 0.5 1
0.42000000000000004 0.98 0.75 2
0.46 0.02 0.0 1
0.46 0.02 0.25 2
0.46 0.02 0.5 2
0.46 0.02 0.75 2
0.46 0.06 0.0 1
0.46 0.06 0.25 2
0.46 0.06 0.5 2
0.46 0.06 0.75 2
0.46 0.1 0.0 1
0.46 0.1 0.25 2
0.46 0.1 0.5 2
0.46 0.1 0.75 2
0.46 0.13999999999999999 0.0 1
0.46 0.13999999999999999 0.25 2
0.46 0.13999999999999999 0.5 1
0.46 0.13999999999999999 0.75 2
0.46 0.18 0.0 1
0.46 0.18 0.25 2
0.46 0.18 0.5 1
0.46 0.18 0.75 2
0.46 0.22 0.0 1
0.46 0.22 0.25 2
0.46 0.22 0.5 1
0.46 0.22 0.75 2
0.46 0.26 0.0 1
0.46 0.26 0.25 2
0.46 0.26 0.5 2
0.46 0.26 0.75 2
0.46 0.30000000000000004 0.0 1
0.46 0.30000000000000004 0.25 2
0.46 0.30000000000000004 0.5 2
0.46 0.30000000000000004 0.75 2
0.46 0.34 0.0 1
0.46 0.34 0.25 2
0.46 0.34 0.5 2
0.46 0.34 0.75 2
0.46 0.38 0.0 1
0.46 0.38 0.25 2
0.46 0.38 0.5 2
0.46 0.38 0.75 2
0.46 0.42000000000000004 0.0 1
0.46 0.42000000000000004 0.25 2
0.46 0.42000000000000004 0.5 2
0.46 0.42000000000000004 0.75 2
0.46 0.46 0.0 1
0.46 0.46 0.25 2
0.46 0.46 0.5 1
0.46 0.46 0.75 2
0.46 0.5 0.0 1
0.46 0.5 0.25 2
0.46 0.5 0.5 1
0.46 0.5 0.75 2
0.46 0.54 0.0 2
0.46 0.54 0.25 2
0.46 0.54 0.5 1
0.46 0.54 0.75 2
0.46 0.5800000000000001 0.0 1
0.46 0.5800000000000001 0.25 2
0.46 0.5800000000000001 0.5 1
0.46 0.5800000000000001 0.75 2
0.46 0.62 0.0 1
0.46 0.62 0.25 2
0.46 0.62 0.5 1
0.46 0.62 0.75 2
0.46 0.66 0.0 1
0.46 0.66 0.25 2
0.46 0.66 0.5 1
0.46 0.66 0.75 2
0.46 0.7000000000000001 0.0 1
0.46 0.7000000000000001 0.25 2
0.46 0.7000000000000001 0.5 1
0.46 0.7000000000000001 0.75 2
0.46 0.74 0.0 1
0.46 0.74 0.25 2
0.46 0.74 0.5 1
0.46 0.74 0.75 2
0.46 0.78 0.0 1
0.46 0.78 0.25 2
0.46 0.78 0.5 1
0.46 0.78 0.75 2
0.46 0.8200000000000001 0.0 1
0.46 0.8200000000000001 0.25 2
0.46 0.8200000000000001 0.5 1
0.46 0.8200000000000001 0.75 2
0.46 0.86 0.0 1
0.46 0.86 0.25 2
0.46 0.86 0.5 2
0.46 0.86 0.75 2
0.46 0.9 0.0 1
0.46 0.9 0.25 2
0.46 0.9 0.5 1
0.46 0.9 0.75 2
0.46 0.9400000000000001 0.0 1
0.46 0.9400000000000001 0.25 2
0.46 0.9400000000000001 0.5 1
0.46 0.9400000000000001 0.75 2
0.46 0.98 0.0 1
0.46 0.98 0.25 2
0.46 0.98 0.5 1
0.46 0.98 0.75 2
0.5 0.02 0.0 1
0.5 0.02 0.25 2
0.5 0.02 0.5 2
0.5 0.02 0.75 2
0.5 0.06 0.0 1
0.5 0.06 0.25 2
0.5 0.06 0.5 2
0.5 0.06 0.75 2
0.5 0.1 0.0 1
0.5 0.1 0.25 2
0.5 0.1 0.5 2
0.5 0.1 0.75 2
0.5 0.13999999999999999 0.0 1
0.5 0.13999999999999999 0.25 2
0.5 0.13999999999999999 0.5 2
0.5 0.13999999999999999 0.75 2
0.5 0.18 0.0 1
0.5 0.18 0.25 2
0.5 0.18 0.5 1
0.5 0.18 0.75 2
0.5 0.22 0.0 1
0.5 0.22 0.25 2
0.5 0.22 0.5 1
0.5 0.22 0.75 2
0.5 0.26 0.0 1
0.5 0.26 0.25 2
0.5 0.26 0.5 1
0.5 0.26 0.75 2
0.5 0.30000000000000004 0.0 1
0.5 0.30000000000000004 0.25 2
0.5 0.30000000000000004 0.5 2
0.5 0.30000000000000004 0.75 2
0.5 0.34 0.0 1
0.5 0.34 0.25 2
0.5 0.34 0.5 2
0.5 0.34 0.75 2
0.5 0.38 0.0 1
0.5 0.38 0.25 2
0.5 0.38 0.5 2
0.5 0.38 0.75 2
0.5 0.42000000000000004 0.0 1
0.5 0.42000000000000004 0.25 2
0.5 0.42000000000000004 0.5 1
0.5 0.42000000000000004 0.75 2
0.5 0.46 0.0 1
0.5 0.46 0.25 2
0.5 0.46 0.5 1
0.5 0.46 0.75 2
0.5 0.5 0.0 1
0.5 0.5 0.25 2
0.5 0.5 0.5 1
0.5 0.5 0.75 2
0.5 0.54 0.0 1
0.5 0.54 0.25 2
0.5 0.54 0.5 1
0.5 0.54 0.75 2
0.5 0.5800000000000001 0.0 1
0.5 0.5800000000000001 0.25 2
0.5 0.5800000000000001 0.5 1
0.5 0.5800000000000001 0.75 2
0.5 0.62 0.0 1
0.5 0.62 0.25 2
0.5 0.62 0.5 1
0.5 0.62 0.75 2
0.5 0.66 0.0 1
0.5 0.66 0.25 2
0.5 0.66 0.5 1
0.5 0.66 0.75 2
0.5 0.7000000000000001 0.0 1
0.5 0.7000000000000001 0.25 2
0.5 0.7000000000000001 0.5 1
0.5 0.7000000000000001 0.75 1
0.5 0.74 0.0 1
0.5 0.74 0.25 2
0.5 0.74 0.5 1
0.5 0.74 0.75 2
0.5 0.78 0.0 1
0.5 0.78 0.25 2
0.5 0.78 0.5 1
0.5 0.78 0.75 2
0.5 0.8200000000000001 0.0 1
0.5 0.8200000000000001 0.25 2
0.5 0.8200000000000001 0.5 1
0.5 0.8200000000000001 0.75 2
0.5 0.86 0.0 1
0.5 0.86 0.25 2
0.5 0.86 0.5 1
0.5 0.86 0.75 2
0.5 0.9 0.0 1
0.5 0.9 0.25 2
0.5 0.9 0.5 1
0.5 0.9 0.75 2
0.5 0.9400000000000001 0.0 1
0.5 0.9400000000000001 0.25 2
0.5 0.9400000000000001 0.5 1
0.5 0.9400000000000001 0.75 2
0.5 0.98 0.0 1
0.5 0.98 0.25 2
0.5 0.98 0.5 2
0.5 0.98 0.75 2
0.54 0.02 0.0 1
0.54 0.02 0.25 2
0.54 0.02 0.5 2
0.54 0.02 0.75 2
0.54 0.06 0.0 1
0.54 0.06 0.25 2
0.54 0.06 0.5 2
0.54 0.06 0.75 2
0.54 0.1 0.0 1
0.54 0.1 0.25 2
0.54 0.1 0.5 2
0.54 0.1 0.75 2
0.54 0.13999999999999999 0.0 1
0.54 0.13999999999999999 0.25 2
0.54 0.13999999999999999 0.5 1
0.54 0.13999999999999999 0.75 2
0.54 0.18 0.0 1
0.54 0.18 0.25 2
0.54 0.18 0.5 1
0.54 0.18 0.75 2
0.54 0.22 0.0 1
0.54 0.22 0.25 2
0.54 0.22 0.5 1
0.54 0.22 0.75 2
0.54 0.26 0.0 1
0.54 0.26 0.25 2
0.54 0.26 0.5 1
0.54 0.26 0.75 2
0.54 0.30000000000000004 0.0 1
0.54 0.30000000000000004 0.25 2
0.54 0.30000000000000004 0.5 1
0.54 0.30000000000000004 0.75 2
0.54 0.34 0.0 1
0.54 0.34 0.25 2
0.54 0.34 0.5 2
0.54 0.34 0.75 2
0.54 0.38 0.0 1
0.54 0.38 0.25 2
0.54 0.38 0.5 1
0.54 0.38 0.75 2
0.54 0.42000000000000004 0.0 1
0.54 0.42000000000000004 0.25 2
0.54 0.42000000000000004 0.5 1
0.54 0.42000000000000004 0.75 2
0.54 0.46 0.0 1
0.54 0.46 0.25 2
0.54 0.46 0.5 1
0.54 0.46 0.75 2
0.54 0.5 0.0 1
0.54 0.5 0.25 2
0.54 0.5 0.5 1
0.54 0.5 0.75 2
0.54 0.54 0.0 1
0.54 0.54 0.25 2
0.54 0.54 0.5 1
0.54 0.54 0.75 2
0.54 0.5800000000000001 0.0 1
0.54 0.5800000000000001 0.25 2
0.54 0.5800000000000001 0.5 1
0.54 0.5800000000000001 0.75 2
0.54 0.62 0.0 1
0.54 0.62 0.25 2
0.54 0.62 0.5 1
0.54 0.62 0.75 2
0.54 0.66 0.0 1
0.54 0.66 0.25 2
0.54 0.66 0.5 1
0.54 0.66 0.75 1
0.54 0.7000000000000001 0.0 1
0.54 0.7000000000000001 0.25 2
0.54 0.7000000000000001 0.5 1
0.54 0.7000000000000001 0.75 1
0.54 0.74 0.0 1
0.54 0.74 0.25 2
0.54 0.74 0.5 1
0.54 0.74 0.75 1
0.54 0.78 0.0 1
0.54 0.78 0.25 2
0.54 0.78 0.5 1
0.54 0.78 0.75 2
0.54 0.8200000000000001 0.0 1
0.54 0.8200000000000001 0.25 2
0.54 0.8200000000000001 0.5 1
0.54 0.8200000000000001 0.75 2
0.54 0.86 0.0 1
0.54 0.86 0.25 2
0.54 0.86 0.5 1
0.54 0.86 0.75 2
0.54 0.9 0.0 1
0.54 0.9 0.25 2
0.54 0.9 0.5 1
0.54 0.9 0.75 2
0.54 0.9400000000000001 0.0 1
0.54 0.9400000000000001 0.25 2
0.54 0.9400000000000001 0.5 1
0.54 0.9400000000000001 0.75 2
0.54 0.98 0.0 1
0.54 0.98 0.25 2
0.54 0.98 0.5 1
0.54 0.98 0.75 2
0.5800000000000001 0.02 0.0 1
0.5800000000000001 0.02 0.25 2
0.5800000000000001 0.02 0.5 1
0.5800000000000001 0.02 0.75 2
0.5800000000000001 0.06 0.0 1
0.5800000000000001 0.06 0.25 2
0.5800000000000001 0.06 0.5 2
0.5800000000000001 0.06 0.75 2
0.5800000000000001 0.1 0.0 1
0.5800000000000001 0.1 0.25 2
0.5800000000000001 0.1 0.5 1
0.5800000000000001 0.1 0.75 2
0.5800000000000001 0.13999999999999999 0.0 1
0.5800000000000001 0.13999999999999999 0.25 2
0.5800000000000001 0.13999999999999999 0.5 1
0.5800000000000001 0.13999999999999999 0.75 2
0.5800000000000001 0.18 0.0 1
0.5800000000000001 0.18 0.25 2
0.5800000000000001 0.18 0.5 1
0.5800000000000001 0.18 0.75 2
0.5800000000000001 0.22 0.0 1
0.5800000000000001 0.22 0.25 2
0.5800000000000001 0.22 0.5 1
0.5800000000000001 0.22 0.75 2
0.5800000000000001 0.26 0.0 1
0.5800000000000001 0.26 0.25 2
0.5800000000000001 0.26 0.5 1
0.5800000000000001 0.26 0.75 2
0.5800000000000001 0.30000000000000004 0.0 1
0.5800000000000001 0.30000000000000004 0.25 2
0.5800000000000001 0.30000000000000004 0.5 1
0.5800000000000001 0.30000000000000004 0.75 2
0.5800000000000001 0.34 0.0 1
0.5800000000000001 0.34 0.25 2
0.5800000000000001 0.34 0.5 1
0.5800000000000001 0.34 0.75 2
0.5800000000000001 0.38 0.0 1
0.5800000000000001 0.38 0.25 2
0.5800000000000001 0.38 0.5 1
0.5800000000000001 0.38 0.75 2
0.5800000000000001 0.42000000000000004 0.0 1
0.5800000000000001 0.42000000000000004 0.25 2
0.5800000000000001 0.42000000000000004 0.5 1
0.5800000000000001 0.42000000000000004 0.75 2
0.5800000000000001 0.46 0.0 1
0.5800000000000001 0.46 0.25 2
0.5800000000000001 0.46 0.5 1
0.5800000000000001 0.46 0.75 2
0.5800000000000001 0.5 0.0 1
0.5800000000000001 0.5 0.25 2
0.5800000000000001 0.5 0.5 1
0.5800000000000001 0.5 0.75 2
0.5800000000000001 0.54 0.0 1
0.5800000000000001 0.54 0.25 2
0.5800000000000001 0.54 0.5 1
0.5800000000000001 0.54 0.75 2
0.5800000000000001 0.5800000000000001 0.0 1
0.5800000000000001 0.5800000000000001 0.25 2
0.5800000000000001 0.5800000000000001 0.5 1
0.5800000000000001 0.5800000000000001 0.75 2
0.5800000000000001 0.62 0.0 1
0.5800000000000001 0.62 0.25 2
0.5800000000000001 0.62 0.5 1
0.5800000000000001 0.62 0.75 1
0.5800000000000001 0.66 0.0 1
0.5800000000000001 0.66 0.25 2
0.5800000000000001 0.66 0.5 1
0.5800000000000001 0.66 0.75 1
0.5800000000000001 0.7000000000000001 0.0 1
0.5800000000000001 0.7000000000000001 0.25 2
0.5800000000000001 0.7000000000000001 0.5 1
0.5800000000000001 0.7000000000000001 0.75 1
0.5800000000000001 0.74 0.0 1
0.5800000000000001 0.74 0.25 2
0.5800000000000001 0.74 0.5 1
0.5800000000000001 0.74 0.75 1
0.5800000000000001 0.78 0.0 1
0.5800000000000001 0.78 0.25 2
0.5800000000000001 0.78 0.5 1
0.5800000000000001 0.78 0.75 1
0.5800000000000001 0.8200000000000001 0.0 1
0.5800000000000001 0.8200000000000001 0.25 2
0.5800000000000001 0.8200000000000001 0.5 1
0.5800000000000001 0.8200000000000001 0.75 2
0.5800000000000001 0.86 0.0 1
0.5800000000000001 0.86 0.25 2
0.5800000000000001 0.86 0.5 1
0.5800000000000001 0.86 0.75 2
0.5800000000000001 0.9 0.0 1
0.5800000000000001 0.9 0.25 2
0.5800000000000001 0.9 0.5 1
0.5800000000000001 0.9 0.75 2
0.5800000000000001 0.9400000000000001 0.0 1
0.5800000000000001 0.9400000000000001 0.25 2
0.5800000000000001 0.9400000000000001 0.5 1
0.5800000000000001 0.9400000000000001 0.75 2
0.5800000000000001 0.98 0.0 1
0.5800000000000001 0.98 0.25 2
0.5800000000000001 0.98 0.5 1
0.5800000000000001 0.98 0.75 2
0.62 0.02 0.0 1
0.62 0.02 0.25 2
0.62 0.02 0.5 1
0.62 0.02 0.75 2
0.62 0.06 0.0 1
0.62 0.06 0.25 2
0.62 0.06 0.5 1
0.62 0.06 0.75 2
0.62 0.1 0.0 1
0.62 0.1 0.25 2
0.62 0.1 0.5 1
0.62 0.1 0.75 2
0.62 0.13999999999999999 0.0 1
0.62 0.13999999999999999 0.25 2
0.62 0.13999999999999999 0.5 1
0.62 0.13999999999999999 0.75 2
0.62 0.18 0.0 1
0.62 0.18 0.25 2
0.62 0.18 0.5 1
0.62 0.18 0.75 2
0.62 0.22 0.0 1
0.62 0.22 0.25 2
0.62 0.22 0.5 1
0.62 0.22 0.75 2
0.62 0.26 0.0 1
0.62 0.26 0.25 2
0.62 0.26 0.5 1
0.62 0.26 0.75 2
0.62 0.30000000000000004 0.0 1
0.62 0.30000000000000004 0.25 2
0.62 0.30000000000000004 0.5 1
0.62 0.30000000000000004 0.75 2
0.62 0.34 0.0 1
0.62 0.34 0.25 2
0.62 0.34 0.5 1
0.62 0.34 0.75 2
0.62 0.38 0.0 1
0.62 0.38 0.25 2
0.62 0.38 0.5 1
0.62 0.38 0.75 2
0.62 0.42000000000000004 0.0 1
0.62 0.42000000000000004 0.25 2
0.62 0.42000000000000004 0.5 1
0.62 0.42000000000000004 0.75 2
0.62 0.46 0.0 1
0.62 0.46 0.25 2
0.62 0.46 0.5 1
0.62 0.46 0.75 2
0.62 0.5 0.0 1
0.62 0.5 0.25 2
0.62 0.5 0.5 1
0.62 0.5 0.75 2
0.62 0.54 0.0 1
0.62 0.54 0.25 2
0.62 0.54 0.5 1
0.62 0.54 0.75 2
0.62 0.5800000000000001 0.0 1
0.62 0.5800000000000001 0.25 2
0.62 0.5800000000000001 0.5 1
0.62 0.5800000000000001 0.75 2
0.62 0.62 0.0 1
0.62 0.62 0.25 2
0.62 0.62 0.5 1
0.62 0.62 0.75 2
0.62 0.66 0.0 1
0.62 0.66 0.25 2
0.62 0.66 0.5 1
0.62 0.66 0.75 1
0.62 0.7000000000000001 0.0 1
0.62 0.7000000000000001 0.25 2
0.62 0.7000000000000001 0.5 1
0.62 0.7000000000000001 0.75 1
0.62 0.74 0.0 1
0.62 0.74 0.25 2
0.62 0.74 0.5 1
0.62 0.74 0.75 1
0.62 0.78 0.0 1
0.62 0.78 0.25 2
0.62 0.78 0.5 1
0.62 0.78 0.75 2
0.62 0.8200000000000001 0.0 1
0.62 0.8200000000000001 0.25 2
0.62 0.8200000000000001 0.5 1
0.62 0.8200000000000001 0.75 2
0.62 0.86 0.0 1
0.62 0.86 0.25 2
0.62 0.86 0.5 1
0.62 0.86 0.75 2
0.62 0.9 0.0 1
0.62 0.9 0.25 2
0.62 0.9 0.5 1
0.62 0.9 0.75 2
0.62 0.9400000000000001 0.0 1
0.62 0.9400000000000001 0.25 2
0.62 0.9400000000000001 0.5 1
0.62 0.9400000000000001 0.75 2
0.62 0.98 0.0 1
0.62 0.98 0.25 2
0.62 0.98 0.5 1
0.62 0.98 0.75 2
0.66 0.02 0.0 1
0.66 0.02 0.25 2
0.66 0.02 0.5 1
0.66 0.02 0.75 2
0.66 0.06 0.0 1
0.66 0.06 0.25 2
0.66 0.06 0.5 1
0.66 0.06 0.75 2
0.66 0.1 0.0 1
0.66 0.1 0.25 2
0.66 0.1 0.5 1
0.66 0.1 0.75 2
0.66 0.13999999999999999 0.0 1
0.66 0.13999999999999999 0.25 2
0.66 0.13999999999999999 0.5 1
0.66 0.13999999999999999 0.75 2
0.66 0.18 0.0 1
0.66 0.18 0.25 2
0.66 0.18 0.5 1
0.66 0.18 0.75 2
0.66 0.22 0.0 1
0.66 0.22 0.25 1
0.66 0.22 0.5 1
0.66 0.22 0.75 2
0.66 0.26 0.0 1
0.66 0.26 0.25 2
0.66 0.26 0.5 1
0.66 0.26 0.75 2
0.66 0.30000000000000004 0.0 1
0.66 0.30000000000000004 0.25 2
0.66 0.30000000000000004 0.5 1
0.66 0.30000000000000004 0.75 2
0.66 0.34 0.0 1
0.66 0.34 0.25 2
0.66 0.34 0.5 1
0.66 0.34 0.75 2
0.66 0.38 0.0 1
0.66 0.38 0.25 2
0.66 0.38 0.5 1
0.66 0.38 0.75 2
0.66 0.42000000000000004 0.0 1
0.66 0.42000000000000004 0.25 2
0.66 0.42000000000000004 0.5 1
0.66 0.42000000000000004 0.75 2
0.66 0.46 0.0 1
0.66 0.46 0.25 2
0.66 0.46 0.5 1
0.66 0.46 0.75 2
0.66 0.5 0.0 1
0.66 0.5 0.25 2
0.66 0.5 0.5 1
0.66 0.5 0.75 1
0.66 0.54 0.0 1
0.66 0.54 0.25 2
0.66 0.54 0.5 1
0.66 0.54 0.75 2
0.66 0.5800000000000001 0.0 1
0.66 0.5800000000000001 0.25 2
0.66 0.5800000000000001 0.5 1
0.66 0.5800000000000001 0.75 2
0.66 0.62 0.0 1
0.66 0.62 0.25 2
0.66 0.62 0.5 1
0.66 0.62 0.75 2
0.66 0.66 0.0 1
0.66 0.66 0.25 2
0.66 0.66 0.5 1
0.66 0.66 0.75 2
0.66 0.7000000000000001 0.0 1
0.66 0.7000000000000001 0.25 2
0.66 0.7000000000000001 0.5 1
0.66 0.7000000000000001 0.75 1
0.66 0.74 0.0 1
0.66 0.74 0.25 2
0.66 0.74 0.5 1
0.66 0.74 0.75 2
0.66 0.78 0.0 1
0.66 0.78 0.25 2
0.66 0.78 0.5 1
0.66 0.78 0.75 2
0.66 0.8200000000000001 0.0 1
0.66 0.8200000000000001 0.25 2
0.66 0.8200000000000001 0.5 1
0.66 0.8200000000000001 0.75 2
0.66 0.86 0.0 1
0.66 0.86 0.25 2
0.66 0.86 0.5 1
0.66 0.86 0.75 2
0.66 0.9 0.0 1
0.66 0.9 0.25 2
0.66 0.9 0.5 1
0.66 0.9 0.75 2
0.66 0.9400000000000001 0.0 1
0.66 0.9400000000000001 0.25 2
0.66 0.9400000000000001 0.5 1
0.66 0.9400000000000001 0.75 2
0.66 0.98 0.0 2
0.66 0.98 0.25 2
0.66 0.98 0.5 1
0.66 0.98 0.75 2
0.7000000000000001 0.02 0.0 2
0.7000000000000001 0.02 0.25 2
0.7000000000000001 0.02 0.5 1
0.7000000000000001 0.02 0.75 2
0.7000000000000001 0.06 0.0 1
0.7000000000000001 0.06 0.25 2
0.7000000000000001 0.06 0.5 1
0.7000000000000001 0.06 0.75 2
0.7000000000000001 0.1 0.0 1
0.7000000000000001 0.1 0.25 2
0.7000000000000001 0.1 0.5 1
0.7000000000000001 0.1 0.75 2
0.7000000000000001 0.13999999999999999 0.0 1
0.7000000000000001 0.13999999999999999 0.25 2
0.7000000000000001 0.13999999999999999 0.5 1
0.7000000000000001 0.13999999999999999 0.75 2
0.7000000000000001 0.18 0.0 1
0.7000000000000001 0.18 0.25 1
0.7000000000000001 0.18 0.5 1
0.7000000000000001 0.18 0.75 2
0.7000000000000001 0.22 0.0 1
0.7000000000000001 0.22 0.25 1
0.7000000000000001 0.22 0.5 1
0.7000000000000001 0.22 0.75 2
0.7000000000000001 0.26 0.0 1
0.7000000000000001 0.26 0.25 1
0.7000000000000001 0.26 0.5 1
0.7000000000000001 0.26 0.75 2
0.7000000000000001 0.30000000000000004 0.0 1
0.7000000000000001 0.30000000000000004 0.25 2
0.7000000000000001 0.30000000000000004 0.5 1
0.7000000000000001 0.30000000000000004 0.75 2
0.7000000000000001 0.34 0.0 1
0.7000000000000001 0.34 0.25 2
0.7000000000000001 0.34 0.5 1
0.7000000000000001 0.34 0.75 2
0.7000000000000001 0.38 0.0 1
0.7000000000000001 0.38 0.25 2
0.7000000000000001 0.38 0.5 1
0.7000000000000001 0.38 0.75 2
0.7000000000000001 0.42000000000000004 0.0 1
0.7000000000000001 0.42000000000000004 0.25 2
0.7000000000000001 0.42000000000000004 0.5 1
0.7000000000000001 0.42000000000000004 0.75 2
0.7000000000000001 0.46 0.0 1
0.7000000000000001 0.46 0.25 2
0.7000000000000001 0.46 0.5 1
0.7000000000000001 0.46 0.75 1
0.7000000000000001 0.5 0.0 1
0.7000000000000001 0.5 0.25 2
0.7000000000000001 0.5 0.5 1
0.7000000000000001 0.5 0.75 1
0.7000000000000001 0.54 0.0 1
0.7000000000000001 0.54 0.25 2
0.7000000000000001 0.54 0.5 1
0.7000000000000001 0.54 0.75 1
0.7000000000000001 0.5800000000000001 0.0 1
0.7000000000000001 0.5800000000000001 0.25 2
0.7000000000000001 0.5800000000000001 0.5 1
0.7000000000000001 0.5800000000000001 0.75 2
0.7000000000000001 0.62 0.0 1
0.7000000000000001 0.62 0.25 2
0.7000000000000001 0.62 0.5 1
0.7000000000000001 0.62 0.75 2
0.7000000000000001 0.66 0.0 1
0.7000000000000001 0.66 0.25 2
0.7000000000000001 0.66 0.5 1
0.7000000000000001 0.66 0.75 2
0.7000000000000001 0.7000000000000001 0.0 1
0.7000000000000001 0.7000000000000001 0.25 2
0.7000000000000001 0.7000000000000001 0.5 1
0.7000000000000001 0.7000000000000001 0.75 2
0.7000000000000001 0.74 0.0 1
0.7000000000000001 0.74 0.25 2
0.7000000000000001 0.74 0.5 1
0.7000000000000001 0.74 0.75 2
0.7000000000000001 0.78 0.0 1
0.7000000000000001 0.78 0.25 2
0.7000000000000001 0.78 0.5 1
0.7000000000000001 0.78 0.75 2
0.7000000000000001 0.8200000000000001 0.0 1
0.7000000000000001 0.8200000000000001 0.25 2
0.7000000000000001 0.8200000000000001 0.5 1
0.7000000000000001 0.8200000000000001 0.75 2
0.7000000000000001 0.86 0.0 1
0.7000000000000001 0.86 0.25 2
0.7000000000000001 0.86 0.5 1
0.7000000000000001 0.86 0.75 2
0.7000000000000001 0.9 0.0 1
0.7000000000000001 0.9 0.25 2
0.7000000000000001 0.9 0.5 1
0.7000000000000001 0.9 0.75 2
0.7000000000000001 0.9400000000000001 0.0 2
0.7000000000000001 0.9400000000000001 0.25 2
0.7000000000000001 0.9400000000000001 0.5 1
0.7000000000000001 0.9400000000000001 0.75 2
0.7000000000000001 0.98 0.0 2
0.7000000000000001 0.98 0.25 2
0.7000000000000001 0.98 0.5 1
0.7000000000000001 0.98 0.75 2
0.74 0.02 0.0 2
0.74 0.02 0.25 2
0.74 0.02 0.5 1
0.74 0.02 0.75 2
0.74 0.06 0.0 2
0.74 0.06 0.25 2
0.74 0.06 0.5 1
0.74 0.06 0.75 2
0.74 0.1 0.0 1
0.74 0.1 0.25 2
0.74 0.1 0.5 1
0.74 0.1 0.75 2
0.74 0.13999999999999999 0.0 1
0.74 0.13999999999999999 0.25 1
0.74 0.13999999999999999 0.5 1
0.74 0.13999999999999999 0.75 2
0.74 0.18 0.0 1
0.74 0.18 0.25 1
0.74 0.18 0.5 1
0.74 0.18 0.75 2
0.74 0.22 0.0 1
0.74 0.22 0.25 1
0.74 0.22 0.5 1
0.74 0.22 0.75 2
0.74 0.26 0.0 1
0.74 0.26 0.25 1
0.74 0.26 0.5 1
0.74 0.26 0.75 2
0.74 0.30000000000000004 0.0 1
0.74 0.30000000000000004 0.25 1
0.74 0.30000000000000004 0.5 1
0.74 0.30000000000000004 0.75 2
0.74 0.34 0.0 1
0.74 0.34 0.25 2
0.74 0.34 0.5 1
0.74 0.34 0.75 2
0.74 0.38 0.0 1
0.74 0.38 0.25 2
0.74 0.38 0.5 1
0.74 0.38 0.75 2
0.74 0.42000000000000004 0.0 1
0.74 0.42000000000000004 0.25 2
0.74 0.42000000000000004 0.5 1
0.74 0.42000000000000004 0.75 1
0.74 0.46 0.0 1
0.74 0.46 0.25 2
0.74 0.46 0.5 1
0.74 0.46 0.75 1
0.74 0.5 0.0 1
0.74 0.5 0.25 2
0.74 0.5 0.5 1
0.74 0.5 0.75 1
0.74 0.54 0.0 1
0.74 0.54 0.25 2
0.74 0.54 0.5 1
0.74 0.54 0.75 1
0.74 0.5800000000000001 0.0 1
0.74 0.5800000000000001 0.25 2
0.74 0.5800000000000001 0.5 1
0.74 0.5800000000000001 0.75 1
0.74 0.62 0.0 1
0.74 0.62 0.25 2
0.74 0.62 0.5 1
0.74 0.62 0.75 2
0.74 0.66 0.0 1
0.74 0.66 0.25 2
0.74 0.66 0.5 1
0.74 0.66 0.75 2
0.74 0.7000000000000001 0.0 1
0.74 0.7000000000000001 0.25 2
0.74 0.7000000000000001 0.5 1
0.74 0.7000000000000001 0.75 2
0.74 0.74 0.0 1
0.74 0.74 0.25 2
0.74 0.74 0.5 1
0.74 0.74 0.75 2
0.74 0.78 0.0 1
0.74 0.78 0.25 2
0.74 0.78 0.5 1
0.74 0.78 0.75 2
0.74 0.8200000000000001 0.0 1
0.74 0.8200000000000001 0.25 2
0.74 0.8200000000000001 0.5 1
0.74 0.8200000000000001 0.75 2
0.74 0.86 0.0 1
0.74 0.86 0.25 2
0.74 0.86 0.5 1
0.74 0.86 0.75 2
0.74 0.9 0.0 2
0.74 0.9 0.25 2
0.74 0.9 0.5 1
0.74 0.9 0.75 2
0.74 0.9400000000000001 0.0 2
0.74 0.9400000000000001 0.25 2
0.74 0.9400000000000001 0.5 1
0.74 0.9400000000000001 0.75 2
0.74 0.98 0.0 2
0.74 0.98 0.25 2
0.74 0.98 0.5 1
0.74 0.98 0.75 2
0.78 0.02 0.0 2
0.78 0.02 0.25 2
0.78 0.02 0.5 1
0.78 0.02 0.75 2
0.78 0.06 0.0 1
0.78 0.06 0.25 2
0.78 0.06 0.5 1
0.78 0.06 0.75 2
0.78 0.1 0.0 1
0.78 0.1 0.25 2
0.78 0.1 0.5 1
0.78 0.1 0.75 2
0.78 0.13999999999999999 0.0 1
0.78 0.13999999999999999 0.25 2
0.78 0.13999999999999999 0.5 1
0.78 0.13999999999999999 0.75 2
0.78 0.18 0.0 1
0.78 0.18 0.25 1
0.78 0.18 0.5 1
0.78 0.18 0.75 2
0.78 0.22 0.0 1
0.78 0.22 0.25 1
0.78 0.22 0.5 1
0.78 0.22 0.75 2
0.78 0.26 0.0 1
0.78 0.26 0.25 1
0.78 0.26 0.5 1
0.78 0.26 0.75 2
0.78 0.30000000000000004 0.0 1
0.78 0.30000000000000004 0.25 2
0.78 0.30000000000000004 0.5 1
0.78 0.30000000000000004 0.75 2
0.78 0.34 0.0 2
0.78 0.34 0.25 2
0.78 0.34 0.5 1
0.78 0.34 0.75 2
0.78 0.38 0.0 1
0.78 0.38 0.25 2
0.78 0.38 0.5 1
0.78 0.38 0.75 2
0.78 0.42000000000000004 0.0 1
0.78 0.42000000000000004 0.25 2
0.78 0.42000000000000004 0.5 1
0.78 0.42000000000000004 0.75 2
0.78 0.46 0.0 1
0.78 0.46 0.25 2
0.78 0.46 0.5 1
0.78 0.46 0.75 1
0.78 0.5 0.0 1
0.78 0.5 0.25 2
0.78 0.5 0.5 1
0.78 0.5 0.75 1
0.78 0.54 0.0 1
0.78 0.54 0.25 2
0.78 0.54 0.5 1
0.78 0.54 0.75 1
0.78 0.5800000000000001 0.0 1
0.78 0.5800000000000001 0.25 2
0.78 0.5800000000000001 0.5 1
0.78 0.5800000000000001 0.75 2
0.78 0.62 0.0 1
0.78 0.62 0.25 2
0.78 0.62 0.5 1
0.78 0.62 0.75 2
0.78 0.66 0.0 1
0.78 0.66 0.25 2
0.78 0.66 0.5 1
0.78 0.66 0.75 2
0.78 0.7000000000000001 0.0 1
0.78 0.7000000000000001 0.25 2
0.78 0.7000000000000001 0.5 1
0.78 0.7000000000000001 0.75 2
0.78 0.74 0.0 1
0.78 0.74 0.25 2
0.78 0.74 0.5 1
0.78 0.74 0.75 2
0.78 0.78 0.0 1
0.78 0.78 0.25 2
0.78 0.78 0.5 1
0.78 0.78 0.75 2
0.78 0.8200000000000001 0.0 1
0.78 0.8200000000000001 0.25 2
0.78 0.8200000000000001 0.5 1
0.78 0.8200000000000001 0.75 2
0.78 0.86 0.0 1
0.78 0.86 0.25 2
0.78 0.86 0.5 1
0.78 0.86 0.75 2
0.78 0.9 0.0 1
0.78 0.9 0.25 2
0.78 0.9 0.5 1
0.78 0.9 0.75 2
0.78 0.9400000000000001 0.0 2
0.78 0.9400000000000001 0.25 2
0.78 0.9400000000000001 0.5 1
0.78 0.9400000000000001 0.75 2
0.78 0.98 0.0 2
0.78 0.98 0.25 2
0.78 0.98 0.5 1
0.78 0.98 0.75 2
0.8200000000000001 0.02 0.0 1
0.8200000000000001 0.02 0.25 2
0.8200000000000001 0.02 0.5 1
0.8200000000000001 0.02 0.75 2
0.8200000000000001 0.06 0.0 1
0.8200000000000001 0.06 0.25 2
0.8200000000000001 0.06 0.5 1
0.8200000000000001 0.06 0.75 2
0.8200000000000001 0.1 0.0 1
0.8200000000000001 0.1 0.25 2
0.8200000000000001 0.1 0.5 1
0.8200000000000001 0.1 0.75 2
0.8200000000000001 0.13999999999999999 0.0 1
0.8200000000000001 0.13999999999999999 0.25 2
0.8200000000000001 0.13999999999999999 0.5 1
0.8200000000000001 0.13999999999999999 0.75 2
0.8200000000000001 0.18 0.0 1
0.8200000000000001 0.18 0.25 2
0.8200000000000001 0.18 0.5 1
0.8200000000000001 0.18 0.75 2
0.8200000000000001 0.22 0.0 1
0.8200000000000001 0.22 0.25 1
0.8200000000000001 0.22 0.5 1
0.8200000000000001 0.22 0.75 2
0.8200000000000001 0.26 0.0 1
0.8200000000000001 0.26 0.25 2
0.8200000000000001 0.26 0.5 1
0.8200000000000001 0.26 0.75 2
0.8200000000000001 0.30000000000000004 0.0 2
0.8200000000000001 0.30000000000000004 0.25 2
0.8200000000000001 0.30000000000000004 0.5 1
0.8200000000000001 0.30000000000000004 0.75 2
0.8200000000000001 0.34 0.0 2
0.8200000000000001 0.34 0.25 2
0.8200000000000001 0.34 0.5 1
0.8200000000000001 0.34 0.75 2
0.8200000000000001 0.38 0.0 2
0.8200000000000001 0.38 0.25 2
0.8200000000000001 0.38 0.5 1
0.8200000000000001 0.38 0.75 2
0.8200000000000001 0.42000000000000004 0.0 1
0.8200000000000001 0.42000000000000004 0.25 2
0.8200000000000001 0.42000000000000004 0.5 1
0.8200000000000001 0.42000000000000004 0.75 2
0.8200000000000001 0.46 0.0 1
0.8200000000000001 0.46 0.25 2
0.8200000000000001 0.46 0.5 1
0.8200000000000001 0.46 0.75 2
0.8200000000000001 0.5 0.0 1
0.8200000000000001 0.5 0.25 2
0.8200000000000001 0.5 0.5 1
0.8200000000000001 0.5 0.75 1
0.8200000000000001 0.54 0.0 1
0.8200000000000001 0.54 0.25 2
0.8200000000000001 0.54 0.5 1
0.8200000000000001 0.54 0.75 2
0.8200000000000001 0.5800000000000001 0.0 1
0.8200000000000001 0.5800000000000001 0.25 2
0.8200000000000001 0.5800000000000001 0.5 1
0.8200000000000001 0.5800000000000001 0.75 2
0.8200000000000001 0.62 0.0 1
0.8200000000000001 0.62 0.25 2
0.8200000000000001 0.62 0.5 1
0.8200000000000001 0.62 0.75 2
0.8200000000000001 0.66 0.0 1
0.8200000000000001 0.66 0.25 1
0.8200000000000001 0.66 0.5 1
0.8200000000000001 0.66 0.75 2
0.8200000000000001 0.7000000000000001 0.0 1
0.8200000000000001 0.7000000000000001 0.25 2
0.8200000000000001 0.7000000000000001 0.5 1
0.8200000000000001 0.7000000000000001 0.75 2
0.8200000000000001 0.74 0.0 1
0.8200000000000001 0.74 0.25 2
0.8200000000000001 0.74 0.5 1
0.8200000000000001 0.74 0.75 2
0.8200000000000001 0.78 0.0 1
0.8200000000000001 0.78 0.25 2
0.8200000000000001 0.78 0.5 1
0.8200000000000001 0.78 0.75 2
0.8200000000000001 0.8200000000000001 0.0 1
0.8200000000000001 0.8200000000000001 0.25 2
0.8200000000000001 0.8200000000000001 0.5 1
0.8200000000000001 0.8200000000000001 0.75 2
0.8200000000000001 0.86 0.0 1
0.8200000000000001 0.86 0.25 2
0.8200000000000001 0.86 0.5 1
0.8200000000000001 0.86 0.75 2
0.8200000000000001 0.9 0.0 1
0.8200000000000001 0.9 0.25 2
0.8200000000000001 0.9 0.5 1
0.8200000000000001 0.9 0.75 2
0.8200000000000001 0.9400000000000001 0.0 1
0.8200000000000001 0.9400000000000001 0.25 2
0.8200000000000001 0.9400000000000001 0.5 1
0.8200000000000001 0.9400000000000001 0.75 2
0.8200000000000001 0.98 0.0 2
0.8200000000000001 0.98 0.25 2
0.8200000000000001 0.98 0.5 1
0.8200000000000001 0.98 0.75 2
0.86 0.02 0.0 1
0.86 0.02 0.25 2
0.86 0.02 0.5 2
0.86 0.02 0.75 2
0.86 0.06 0.0 1
0.86 0.06 0.25 2
0.86 0.06 0.5 1
0.86 0.06 0.75 2
0.86 0.1 0.0 1
0.86 0.1 0.25 2
0.86 0.1 0.5 1
0.86 0.1 0.75 2
0.86 0.13999999999999999 0.0 1
0.86 0.13999999999999999 0.25 2
0.86 0.13999999999999999 0.5 1
0.86 0.13999999999999999 0.75 2
0.86 0.18 0.0 1
0.86 0.18 0.25 2
0.86 0.18 0.5 1
0.86 0.18 0.75 2
0.86 0.22 0.0 1
0.86 0.22 0.25 2
0.86 0.22 0.5 1
0.86 0.22 0.75 2
0.86 0.26 0.0 2
0.86 0.26 0.25 2
0.86 0.26 0.5 1
0.86 0.26 0.75 2
0.86 0.30000000000000004 0.0 2
0.86 0.30000000000000004 0.25 2
0.86 0.30000000000000004 0.5 1
0.86 0.30000000000000004 0.75 2
0.86 0.34 0.0 2
0.86 0.34 0.25 2
0.86 0.34 0.5 1
0.86 0.34 0.75 2
0.86 0.38 0.0 2
0.86 0.38 0.25 2
0.86 0.38 0.5 1
0.86 0.38 0.75 2
0.86 0.42000000000000004 0.0 2
0.86 0.42000000000000004 0.25 2
0.86 0.42000000000000004 0.5 1
0.86 0.42000000000000004 0.75 2
0.86 0.46 0.0 1
0.86 0.46 0.25 2
0.86 0.46 0.5 1
0.86 0.46 0.75 2
0.86 0.5 0.0 1
0.86 0.5 0.25 2
0.86 0.5 0.5 1
0.86 0.5 0.75 2
0.86 0.54 0.0 1
0.86 0.54 0.25 2
0.86 0.54 0.5 1
0.86 0.54 0.75 2
0.86 0.5800000000000001 0.0 1
0.86 0.5800000000000001 0.25 2
0.86 0.5800000000000001 0.5 1
0.86 0.5800000000000001 0.75 2
0.86 0.62 0.0 1
0.86 0.62 0.25 1
0.86 0.62 0.5 1
0.86 0.62 0.75 2
0.86 0.66 0.0 1
0.86 0.66 0.25 1
0.86 0.66 0.5 1
0.86 0.66 0.75 2
0.86 0.7000000000000001 0.0 1
0.86 0.7000000000000001 0.25 1
0.86 0.7000000000000001 0.5 1
0.86 0.7000000000000001 0.75 2
0.86 0.74 0.0 1
0.86 0.74 0.25 2
0.86 0.74 0.5 1
0.86 0.74 0.75 2
0.86 0.78 0.0 1
0.86 0.78 0.25 2
0.86 0.78 0.5 1
0.86 0.78 0.75 2
0.86 0.8200000000000001 0.0 1
0.86 0.8200000000000001 0.25 2
0.86 0.8200000000000001 0.5 1
0.86 0.8200000000000001 0.75 2
0.86 0.86 0.0 1
0.86 0.86 0.25 2
0.86 0.86 0.5 1
0.86 0.86 0.75 2
0.86 0.9 0.0 1
0.86 0.9 0.25 2
0.86 0.9 0.5 1
0.86 0.9 0.75 2
0.86 0.9400000000000001 0.0 1
0.86 0.9400000000000001 0.25 2
0.86 0.9400000000000001 0.5 1
0.86 0.9400000000000001 0.75 2
0.86 0.98 0.0 1
0.86 0.98 0.25 2
0.86 0.98 0.5 1
0.86 0.98 0.75 2
0.9 0.02 0.0 1
0.9 0.02 0.25 2
0.9 0.02 0.5 2
0.9 0.02 0.75 2
0.9 0.06 0.0 1
0.9 0.06 0.25 2
0.9 0.06 0.5 2
0.9 0.06 0.75 2
0.9 0.1 0.0 1
0.9 0.1 0.25 2
0.9 0.1 0.5 1
0.9 0.1 0.75 2
0.9 0.13999999999999999 0.0 1
0.9 0.13999999999999999 0.25 2
0.9 0.13999999999999999 0.5 1
0.9 0.13999999999999999 0.75 2
0.9 0.18 0.0 1
0.9 0.18 0.25 2
0.9 0.18 0.5 1
0.9 0.18 0.75 2
0.9 0.22 0.0 1
0.9 0.22 0.25 2
0.9 0.22 0.5 1
0.9 0.22 0.75 2
0.9 0.26 0.0 1
0.9 0.26 0.25 2
0.9 0.26 0.5 1
0.9 0.26 0.75 2
0.9 0.30000000000000004 0.0 2
0.9 0.30000000000000004 0.25 2
0.9 0.30000000000000004 0.5 1
0.9 0.30000000000000004 0.75 2
0.9 0.34 0.0 2
0.9 0.34 0.25 2
0.9 0.34 0.5 1
0.9 0.34 0.75 2
0.9 0.38 0.0 2
0.9 0.38 0.25 2
0.9 0.38 0.5 1
0.9 0.38 0.75 2
0.9 0.42000000000000004 0.0 1
0.9 0.42000000000000004 0.25 2
0.9 0.42000000000000004 0.5 1
0.9 0.42000000000000004 0.75 2
0.9 0.46 0.0 1
0.9 0.46 0.25 2
0.9 0.46 0.5 1
0.9 0.46 0.75 2
0.9 0.5 0.0 1
0.9 0.5 0.25 2
0.9 0.5 0.5 1
0.9 0.5 0.75 2
0.9 0.54 0.0 1
0.9 0.54 0.25 2
0.9 0.54 0.5 1
0.9 0.54 0.75 2
0.9 0.5800000000000001 0.0 1
0.9 0.5800000000000001 0.25 1
0.9 0.5800000000000001 0.5 1
0.9 0.5800000000000001 0.75 2
0.9 0.62 0.0 1
0.9 0.62 0.25 1
0.9 0.62 0.5 1
0.9 0.62 0.75 2
0.9 0.66 0.0 1
0.9 0.66 0.25 1
0.9 0.66 0.5 1
0.9 0.66 0.75 2
0.9 0.7000000000000001 0.0 1
0.9 0.7000000000000001 0.25 1
0.9 0.7000000000000001 0.5 1
0.9 0.7000000000000001 0.75 2
0.9 0.74 0.0 1
0.9 0.74 0.25 1
0.9 0.74 0.5 1
0.9 0.74 0.75 2
0.9 0.78 0.0 1
0.9 0.78 0.25 2
0.9 0.78 0.5 1
0.9 0.78 0.75 2
0.9 0.8200000000000001 0.0 1
0.9 0.8200000000000001 0.25 2
0.9 0.8200000000000001 0.5 1
0.9 0.8200000000000001 0.75 2
0.9 0.86 0.0 1
0.9 0.86 0.25 2
0.9 0.86 0.5 1
0.9 0.86 0.75 2
0.9 0.9 0.0 1
0.9 0.9 0.25 2
0.9 0.9 0.5 1
0.9 0.9 0.75 2
0.9 0.9400000000000001 0.0 1
0.9 0.9400000000000001 0.25 2
0.9 0.9400000000000001 0.5 1
0.9 0.9400000000000001 0.75 2
0.9 0.98 0.0 1
0.9 0.98 0.25 2
0.9 0.98 0.5 2
0.9 0.98 0.75 2
0.9400000000000001 0.02 0.0 1
0.9400000000000001 0.02 0.25 2
0.9400000000000001 0.02 0.5 2
0.9400000000000001 0.02 0.75 2
0.9400000000000001 0.06 0.0 1
0.9400000000000001 0.06 0.25 2
0.9400000000000001 0.06 0.5 2
0.9400000000000001 0.06 0.75 2
0.9400000000000001 0.1 0.0 1
0.9400000000000001 0.1 0.25 2
0.9400000000000001 0.1 0.5 2
0.9400000000000001 0.1 0.75 2
0.9400000000000001 0.13999999999999999 0.0 1
0.9400000000000001 0.13999999999999999 0.25 2
0.9400000000000001 0.13999999999999999 0.5 1
0.9400000000000001 0.13999999999999999 0.75 2
0.9400000000000001 0.18 0.0 1
0.9400000000000001 0.18 0.25 2
0.9400000000000001 0.18 0.5 1
0.9400000000000001 0.18 0.75 2
0.9400000000000001 0.22 0.0 1
0.9400000000000001 0.22 0.25 2
0.9400000000000001 0.22 0.5 1
0.9400000000000001 0.22 0.75 2
0.9400000000000001 0.26 0.0 1
0.9400000000000001 0.26 0.25 2
0.9400000000000001 0.26 0.5 1
0.9400000000000001 0.26 0.75 2
0.9400000000000001 0.30000000000000004 0.0 1
0.9400000000000001 0.30000000000000004 0.25 2
0.9400000000000001 0.30000000000000004 0.5 1
0.9400000000000001 0.30000000000000004 0.75 2
0.9400000000000001 0.34 0.0 2
0.9400000000000001 0.34 0.25 2
0.9400000000000001 0.34 0.5 1
0.9400000000000001 0.34 0.75 2
0.9400000000000001 0.38 0.0 1
0.9400000000000001 0.38 0.25 2
0.9400000000000001 0.38 0.5 1
0.9400000000000001 0.38 0.75 2
0.9400000000000001 0.42000000000000004 0.0 1
0.9400000000000001 0.42000000000000004 0.25 2
0.9400000000000001 0.42000000000000004 0.5 1
0.9400000000000001 0.42000000000000004 0.75 2
0.9400000000000001 0.46 0.0 1
0.9400000000000001 0.46 0.25 2
0.9400000000000001 0.46 0.5 1
0.9400000000000001 0.46 0.75 2
0.9400000000000001 0.5 0.0 1
0.9400000000000001 0.5 0.25 2
0.9400000000000001 0.5 0.5 1
0.9400000000000001 0.5 0.75 2
0.9400000000000001 0.54 0.0 1
0.9400000000000001 0.54 0.25 2
0.9400000000000001 0.54 0.5 1
0.9400000000000001 0.54 0.75 2
0.9400000000000001 0.5800000000000001 0.0 1
0.9400000000000001 0.5800000000000001 0.25 2
0.9400000000000001 0.5800000000000001 0.5 1
0.9400000000000001 0.5800000000000001 0.75 2
0.9400000000000001 0.62 0.0 1
0.9400000000000001 0.62 0.25 1
0.9400000000000001 0.62 0.5 1
0.9400000000000001 0.62 0.75 2
0.9400000000000001 0.66 0.0 1
0.9400000000000001 0.66 0.25 1
0.9400000000000001 0.66 0.5 1
0.9400000000000001 0.66 0.75 2
0.9400000000000001 0.7000000000000001 0.0 1
0.9400000000000001 0.7000000000000001 0.25 1
0.9400000000000001 0.7000000000000001 0.5 1
0.9400000000000001 0.7000000000000001 0.75 2
0.9400000000000001 0.74 0.0 1
0.9400000000000001 0.74 0.25 2
0.9400000000000001 0.74 0.5 1
0.9400000000000001 0.74 0.75 2
0.9400000000000001 0.78 0.0 1
0.9400000000000001 0.78 0.25 2
0.9400000000000001 0.78 0.5 1
0.9400000000000001 0.78 0.75 2
0.9400000000000001 0.8200000000000001 0.0 1
0.9400000000000001 0.8200000000000001 0.25 2
0.9400000000000001 0.8200000000000001 0.5 1
0.9400000000000001 0.8200000000000001 0.75 2
0.9400000000000001 0.86 0.0 1
0.9400000000000001 0.86 0.25 2
0.9400000000000001 0.86 0.5 1
0.9400000000000001 0.86 0.75 2
0.9400000000000001 0.9 0.0 1
0.9400000000000001 0.9 0.25 2
0.9400000000000001 0.9 0.5 1
0.9400000000000001 0.9 0.75 2
0.9400000000000001 0.9400000000000001 0.0 1
0.9400000000000001 0.9400000000000001 0.25 2
0.9400000000000001 0.9400000000000001 0.5 2
0.9400000000000001 0.9400000000000001 0.75 2
0.9400000000000001 0.98 0.0 1
0.9400000000000001 0.98 0.25 2
0.9400000000000001 0.98 0.5 2
0.9400000000000001 0.98 0.75 2
0.98 0.02 0.0 1
0.98 0.02 0.25 2
0.98 0.02 0.5 2
0.98 0.02 0.75 2
0.98 0.06 0.0 1
0.98 0.06 0.25 2
0.98 0.06 0.5 2
0.98 0.06 0.75 2
0.98 0.1 0.0 1
0.98 0.1 0.25 2
0.98 0.1 0.5 1
0.98 0.1 0.75 2
0.98 0.13999999999999999 0.0 1
0.98 0.13999999999999999 0.25 2
0.98 0.13999999999999999 0.5 1
0.98 0.13999999999999999 0.75 2
0.98 0.18 0.0 1
0.98 0.18 0.25 2
0.98 0.18 0.5 1
0.98 0.18 0.75 2
0.98 0.22 0.0 1
0.98 0.22 0.25 1
0.98 0.22 0.5 1
0.98 0.22 0.75 2
0.98 0.26 0.0 1
0.98 0.26 0.25 2
0.98 0.26 0.5 1
0.98 0.26 0.75 2
0.98 0.30000000000000004 0.0 1
0.98 0.30000000000000004 0.25 2
0.98 0.30000000000000004 0.5 1
0.98 0.30000000000000004 0.75 2
0.98 0.34 0.0 1
0.98 0.34 0.25 2
0.98 0.34 0.5 1
0.98 0.34 0.75 2
0.98 0.38 0.0 1
0.98 0.38 0.25 2
0.98 0.38 0.5 1
0.98 0.38 0.75 2
0.98 0.42000000000000004 0.0 1
0.98 0.42000000000000004 0.25 2
0.98 0.42000000000000004 0.5 1
0.98 0.42000000000000004 0.75 2
0.98 0.46 0.0 1
0.98 0.46 0.25 2
0.98 0.46 0.5 1
0.98 0.46 0.75 2
0.98 0.5 0.0 1
0.98 0.5 0.25 2
0.98 0.5 0.5 1
0.98 0.5 0.75 2
0.98 0.54 0.0 1
0.98 0.54 0.25 2
0.98 0.54 0.5 1
0.98 0.54 0.75 2
0.98 0.5800000000000001 0.0 1
0.98 0.5800000000000001 0.25 2
0.98 0.5800000000000001 0.5 1
0.98 0.5800000000000001 0.75 2
0.98 0.62 0.0 1
0.98 0.62 0.25 2
0.98 0.62 0.5 1
0.98 0.62 0.75 2
0.98 0.66 0.0 1
0.98 0.66 0.25 1
0.98 0.66 0.5 1
0.98 0.66 0.75 2
0.98 0.7000000000000001 0.0 1
0.98 0.7000000000000001 0.25 2
0.98 0.7000000000000001 0.5 1
0.98 0.7000000000000001 0.75 2
0.98 0.74 0.0 1
0.98 0.74 0.25 2
0.98 0.74 0.5 1
0.98 0.74 0.75 2
0.98 0.78 0.0 1
0.98 0.78 0.25 2
0.98 0.78 0.5 1
0.98 0.78 0.75 2
0.98 0.8200000000000001 0.0 1
0.98 0.8200000000000001 0.25 2
0.98 0.8200000000000001 0.5 1
0.98 0.8200000000000001 0.75 2
0.98 0.86 0.0 1
0.98 0.86 0.25 2
0.98 0.86 0.5 1
0.98 0.86 0.75 2
0.98 0.9 0.0 1
0.98 0.9 0.25 2
0.98 0.9 0.5 1
0.98 0.9 0.75 2
0.98 0.9400000000000001 0.0 1
0.98 0.9400000000000001 0.25 2
0.98 0.9400000000000001 0.5 1
0.98 0.9400000000000001 0.75 2
0.98 0.98 0.0 1
0.98 0.98 0.25 2
0.98 0.98 0.5 2
0.98 0.98 0.75 2
